pkg/usdm/inst/external/EVI_season4.asc
NCOLS 279 
NROWS 320 
XLLCORNER 523900.453205175 
YLLCORNER 5622610.68929959 
CELLSIZE 1000 
NODATA_value -3.4e+38 
[rows 176 to 197 of 320, columns 150 to 199 of 279]
0.186290457844734 0.205808609724045 0.336513161659241 0.418280631303787 0.428093254566193 0.490149170160294 0.518084466457367 0.450205266475677 0.388045102357864 0.363303422927856 0.293245077133179 0.26348602771759 0.275190472602844 0.309624165296555 0.304141193628311 0.305745750665665 0.2894386947155 0.364249736070633 0.383490920066833 0.306638687849045 0.350425362586975 0.359161108732224 0.305493056774139 0.287874728441238 0.282365560531616 0.27249750494957 0.321368515491486 0.403601199388504 0.316305011510849 0.294578343629837 0.304897040128708 0.363597691059113 0.457473069429398 0.374428510665894 0.204715460538864 0.250878244638443 0.181317687034607 0.337521582841873 0.505231499671936 0.480799913406372 0.320457309484482 0.285982131958008 0.33322936296463 0.331263899803162 0.387401849031448 0.347481191158295 0.392593711614609 0.354815751314163 0.482463628053665 0.396275371313095
0.213125556707382 0.15934693813324 0.285875380039215 0.467833250761032 0.544295489788055 0.516382873058319 0.486347317695618 0.459254622459412 0.450618416070938 0.256875663995743 0.301626473665237 0.304087311029434 0.304827690124512 0.318157970905304 0.339822232723236 0.312463700771332 0.259759455919266 0.269530087709427 0.280700743198395 0.365779340267181 0.450811564922333 0.324505925178528 0.317646861076355 0.321514993906021 0.318512320518494 0.254349827766418 0.317873507738113 0.2816122174263 0.26559054851532 0.246614068746567 0.187858983874321 0.364556670188904 0.502154350280762 0.374167948961258 0.286899626255035 0.11405361443758 0.293839246034622 0.291708320379257 0.288103610277176 0.40705943107605 0.444990456104279 0.384008347988129 0.440070182085037 0.43697315454483 0.420082032680511 0.375352948904037 0.413637399673462 0.377142697572708 0.365951478481293 0.343598157167435
0.265817880630493 0.361372232437134 0.429860174655914 0.474752485752106 0.541510283946991 0.54328066110611 0.482097029685974 0.491531848907471 0.465877771377563 0.239685088396072 0.297309726476669 0.315238982439041 0.320415288209915 0.354389250278473 0.352960556745529 0.364276587963104 0.28030851483345 0.296905726194382 0.297388881444931 0.298383146524429 0.286374628543854 0.29342120885849 0.336655914783478 0.253366947174072 0.281168788671494 0.296010375022888 0.132359161973 0.170344263315201 0.242398798465729 0.208651199936867 0.185970470309258 0.279403328895569 0.44166573882103 0.456465840339661 0.343215465545654 0.352229446172714 0.433580189943314 0.501597225666046 0.507851302623749 0.416097790002823 0.464436769485474 0.454164892435074 0.520875215530396 0.482206761837006 0.521865904331207 0.43485102057457 0.457996755838394 0.465660184621811 0.415374904870987 0.483619809150696
0.313576400279999 0.305750846862793 0.430549085140228 0.439559459686279 0.507295668125153 0.558269083499908 0.552586495876312 0.514082670211792 0.332183986902237 0.359171748161316 0.335702508687973 0.326802313327789 0.321500182151794 0.342375755310059 0.272870182991028 0.364560842514038 0.357672512531281 0.297041565179825 0.281563341617584 0.289135754108429 0.308958441019058 0.266164153814316 0.327042043209076 0.249974623322487 0.311347216367722 0.124549813568592 0.130457773804665 0.174555465579033 0.18442490696907 0.214657127857208 0.260587602853775 0.353923320770264 0.385496854782104 0.383331120014191 0.407897233963013 0.490744173526764 0.551614999771118 0.542860746383667 0.537154138088226 0.429826855659485 0.481639623641968 0.420292496681213 0.527734160423279 0.405289262533188 0.527650535106659 0.459157764911652 0.543285846710205 0.462208807468414 0.421929091215134 0.29641917347908
0.329849064350128 0.324264079332352 0.391066759824753 0.467741400003433 0.472760736942291 0.523281753063202 0.571245729923248 0.546144723892212 0.247563511133194 0.275423794984818 0.402365297079086 0.351145178079605 0.312773138284683 0.263693332672119 0.253416031599045 0.310531109571457 0.330558151006699 0.302990645170212 0.264018416404724 0.310686856508255 0.373119354248047 0.391932487487793 0.293570190668106 0.269211292266846 0.294511020183563 0.28487092256546 0.186118423938751 0.137500733137131 0.170124068856239 0.355563044548035 0.351835817098618 0.325029641389847 0.278153330087662 0.413460105657578 0.434788048267365 0.509229242801666 0.511904239654541 0.513127565383911 0.588694334030151 0.514299511909485 0.430874824523926 0.46380203962326 0.494456857442856 0.38182008266449 0.431370913982391 0.431270748376846 0.287925183773041 0.40696519613266 0.350365102291107 0.265212684869766
0.247449532151222 0.330623507499695 0.317787975072861 0.370217204093933 0.45491749048233 0.543206751346588 0.551447331905365 0.341785281896591 0.184492960572243 0.207211568951607 0.312269538640976 0.335789442062378 0.356639832258224 0.193352594971657 0.287430375814438 0.330516844987869 0.385048985481262 0.396540731191635 0.391203254461288 0.325015276670456 0.430320292711258 0.327570736408234 0.238794252276421 0.258143693208694 0.239798232913017 0.201234072446823 0.203144997358322 0.234700739383698 0.268011569976807 0.326920479536057 0.264356285333633 0.272706031799316 0.27978926897049 0.336317777633667 0.406939446926117 0.390004545450211 0.430284440517426 0.463730007410049 0.547837436199188 0.538471758365631 0.508513629436493 0.450768053531647 0.390659362077713 0.442253440618515 0.426285922527313 0.355666935443878 0.376319825649261 0.449134916067123 0.425757050514221 0.345731288194656
0.359583795070648 0.303824633359909 0.251808047294617 0.2536381483078 0.324770838022232 0.466543316841125 0.505652844905853 0.277349263429642 0.252493888139725 0.322858989238739 0.366733610630035 0.39505398273468 0.407334893941879 0.473904341459274 0.459413409233093 0.2835773229599 0.415605545043945 0.397492319345474 0.311658620834351 0.354602783918381 0.328316479921341 0.280019253492355 0.217900454998016 0.220115005970001 0.208040371537209 0.217379912734032 0.241094529628754 0.323810458183289 0.345782876014709 0.337501108646393 0.272627025842667 0.259528875350952 0.297390937805176 0.294779807329178 0.369946300983429 0.302033334970474 0.388368159532547 0.496626377105713 0.433725357055664 0.468450635671616 0.457096010446548 0.247744992375374 0.382160097360611 0.469671189785004 0.431938618421555 0.388977229595184 0.394731491804123 0.446940660476685 0.436469733715057 0.477447301149368
0.295324891805649 0.307903438806534 0.314206480979919 0.280088067054749 0.295668691396713 0.336524069309235 0.389755189418793 0.303766578435898 0.372883528470993 0.337570279836655 0.393736869096756 0.400088608264923 0.408178150653839 0.388121575117111 0.458964437246323 0.294548898935318 0.407952487468719 0.513654828071594 0.517013311386108 0.451762139797211 0.417510747909546 0.285503059625626 0.239520370960236 0.245921209454536 0.224432498216629 0.291369736194611 0.308345556259155 0.270244061946869 0.433691024780273 0.310058414936066 0.314300745725632 0.286268979310989 0.235060557723045 0.224361300468445 0.331655263900757 0.387870103120804 0.353841483592987 0.3958340883255 0.433451950550079 0.404512673616409 0.347301751375198 0.196352690458298 0.278911024332047 0.416697680950165 0.453114718198776 0.437589168548584 0.487504631280899 0.446780741214752 0.398789435625076 0.458522588014603
0.375558614730835 0.35407480597496 0.392322957515717 0.382980942726135 0.361714631319046 0.286461770534515 0.336558043956757 0.44071888923645 0.412504255771637 0.496905386447906 0.46467536687851 0.411154985427856 0.331743717193604 0.483494728803635 0.494933247566223 0.440753519535065 0.425451576709747 0.431609630584717 0.518698692321777 0.536167204380035 0.465518325567245 0.417529344558716 0.344879060983658 0.280150175094604 0.435402423143387 0.276958972215652 0.311651587486267 0.257662683725357 0.260802328586578 0.262468874454498 0.388890475034714 0.448582798242569 0.321746200323105 0.334651857614517 0.406866401433945 0.375834912061691 0.26020222902298 0.229248613119125 0.285583525896072 0.267000377178192 0.361550271511078 0.381440281867981 0.353610754013062 0.363558053970337 0.505738615989685 0.515240252017975 0.418857216835022 0.315233886241913 0.320226937532425 0.382738143205643
0.389013230800629 0.336658149957657 0.343017786741257 0.333284735679626 0.321483612060547 0.313543975353241 0.245182409882545 0.38317546248436 0.473293155431747 0.391058146953583 0.482512772083282 0.415330916643143 0.410293966531754 0.359252125024796 0.476687401533127 0.568759441375732 0.480471014976501 0.43390879034996 0.480809450149536 0.420241117477417 0.392212390899658 0.307841032743454 0.2924944460392 0.355133891105652 0.45605880022049 0.293381750583649 0.349466562271118 0.274471759796143 0.276992231607437 0.431282490491867 0.379312306642532 0.379959911108017 0.366081118583679 0.34323638677597 0.392159253358841 0.344054162502289 0.367428064346313 0.290028989315033 0.345190078020096 0.327751934528351 0.41445204615593 0.401740819215775 0.391121298074722 0.449121475219727 0.476437300443649 0.445624828338623 0.400676667690277 0.289324730634689 0.293591201305389 0.33661100268364
0.407641559839249 0.408226668834686 0.351243883371353 0.314435571432114 0.339268326759338 0.336757034063339 0.265228062868118 0.35098472237587 0.389699071645737 0.351795554161072 0.475053995847702 0.508536100387573 0.378190189599991 0.316869616508484 0.411051213741302 0.442239075899124 0.50476211309433 0.50805926322937 0.430723786354065 0.388478517532349 0.337612509727478 0.213526114821434 0.242367133498192 0.28560084104538 0.320440381765366 0.258367031812668 0.335716933012009 0.30373814702034 0.289327323436737 0.364674806594849 0.280865013599396 0.331624358892441 0.378695547580719 0.363413333892822 0.345305651426315 0.424766033887863 0.49906462430954 0.462329357862473 0.437638252973557 0.403455197811127 0.430303990840912 0.458098143339157 0.416599899530411 0.376701563596725 0.510492146015167 0.376685738563538 0.28396138548851 0.298582047224045 0.311131119728088 0.337480545043945
0.45904529094696 0.398571103811264 0.376541584730148 0.360298335552216 0.44468480348587 0.502068042755127 0.445755928754807 0.40171417593956 0.387110561132431 0.335144728422165 0.357614815235138 0.413406282663345 0.412061303853989 0.27880647778511 0.295718878507614 0.360980361700058 0.472618699073792 0.332149922847748 0.352362036705017 0.349623054265976 0.253228068351746 0.310344994068146 0.244925558567047 0.257143795490265 0.29513156414032 0.364302963018417 0.298323154449463 0.215031757950783 0.362948060035706 0.435141950845718 0.421004712581635 0.266716122627258 0.406279355287552 0.392506659030914 0.377348899841309 0.360880553722382 0.306008875370026 0.347604542970657 0.418604642152786 0.439187049865723 0.375387400388718 0.374182403087616 -3.4e+38 -3.4e+38 0.458968043327332 0.400795191526413 0.323530465364456 0.308164536952972 0.320165008306503 0.337096303701401
0.430441588163376 0.382790356874466 0.396681308746338 0.364001393318176 0.41190692782402 0.461562514305115 0.485712766647339 0.372751206159592 0.333244174718857 0.313977599143982 0.392490744590759 0.406304180622101 0.371072679758072 0.298910290002823 0.316753506660461 0.332308441400528 0.358464270830154 0.353167027235031 0.376708060503006 0.265377312898636 0.234379634261131 0.414195477962494 0.377931118011475 0.292288154363632 0.337882876396179 0.432705283164978 0.296531856060028 0.230704993009567 0.274586856365204 0.379812598228455 0.457009434700012 0.425157308578491 0.363515824079514 0.335862696170807 0.385317593812943 0.381373524665833 0.36199963092804 0.378283977508545 0.421193987131119 0.447387963533401 -3.4e+38 -3.4e+38 -3.4e+38 -3.4e+38 -3.4e+38 0.409381121397018 0.311875194311142 0.316311299800873 0.305095374584198 0.299521744251251
0.279495179653168 0.28940823674202 0.301621854305267 0.27532297372818 0.403795003890991 0.193823799490929 0.182585641741753 0.209676384925842 0.178039625287056 0.13838167488575 0.252243965864182 0.237593054771423 0.289479434490204 0.355657041072845 0.255474269390106 0.332433611154556 0.199824541807175 0.231044635176659 0.259408712387085 0.257096379995346 0.259943068027496 0.356529533863068 0.343691676855087 0.317802488803864 0.344709724187851 0.256501376628876 0.289263606071472 0.341743141412735 0.433541476726532 0.416002422571182 0.432138979434967 0.407037317752838 0.315829366445541 0.344585180282593 0.308366388082504 0.30381315946579 0.280158996582031 0.290760636329651 0.340113788843155 0.306840091943741 0.336766928434372 0.287397414445877 -3.4e+38 -3.4e+38 -3.4e+38 -3.4e+38 0.324856847524643 0.395270466804504 0.339230358600616 0.343242138624191
0.173476204276085 0.0931822210550308 0.365398049354553 0.311166495084763 0.248478427529335 0.230309352278709 0.3356032371521 0.336044073104858 0.375255286693573 0.319006204605103 0.316640734672546 0.441904723644257 0.419841855764389 0.294972509145737 0.272604912519455 0.361837327480316 0.418526858091354 0.413199901580811 0.279825657606125 0.314270198345184 0.28191739320755 0.299055635929108 0.278399914503098 0.422986567020416 0.421719998121262 0.329301774501801 0.315283417701721 0.32817268371582 0.312798053026199 0.304856836795807 0.274269431829453 0.365716010332108 0.194132223725319 0.220728605985641 0.20353676378727 0.231778427958488 0.275527864694595 0.409134089946747 0.328263133764267 0.324394434690475 0.41626313328743 0.353524178266525 0.405366480350494 -3.4e+38 -3.4e+38 -3.4e+38 -3.4e+38 0.392881751060486 0.392829716205597 0.400391489267349
0.299121201038361 0.42117166519165 0.472831308841705 0.423736840486526 0.3027403652668 0.356607139110565 0.454965740442276 0.406153619289398 0.406081199645996 0.245330557227135 0.301152408123016 0.409437775611877 0.339043408632278 0.396004259586334 0.306873232126236 0.265522420406342 0.27695369720459 0.314163982868195 0.364566951990128 0.343243151903152 0.321793794631958 0.255706936120987 0.274928987026215 0.379136949777603 0.354194909334183 0.345762223005295 0.252995193004608 0.154899537563324 0.251661032438278 0.305958330631256 0.365028232336044 0.238354727625847 0.239590838551521 0.269151389598846 0.368370652198792 0.195543885231018 0.152764439582825 0.289648622274399 0.209146484732628 0.148994535207748 0.443367421627045 0.350176393985748 0.408954918384552 -3.4e+38 -3.4e+38 -3.4e+38 -3.4e+38 -3.4e+38 -3.4e+38 -3.4e+38
0.52083832025528 0.50999528169632 0.55379980802536 0.502666831016541 0.492645919322968 0.425640940666199 0.561893701553345 0.531158864498138 0.52288419008255 0.45704510807991 0.443362325429916 0.432845652103424 0.398317515850067 0.308097779750824 0.309648156166077 0.362613797187805 0.39103102684021 0.413373053073883 0.308471471071243 0.18627667427063 0.283086746931076 0.377267420291901 0.313901841640472 0.294178783893585 0.23491258919239 0.290879637002945 0.369679629802704 0.344219356775284 0.230695098638535 0.274001389741898 0.462329536676407 0.170857310295105 0.260039716959 0.380952596664429 0.460984617471695 0.335071116685867 0.25625416636467 -3.4e+38 0.136462956666946 0.308820635080338 0.293827325105667 0.369936406612396 0.482675105333328 0.445867776870728 -3.4e+38 -3.4e+38 -3.4e+38 -3.4e+38 -3.4e+38 -3.4e+38
0.49030202627182 0.486143529415131 0.489753901958466 0.5038201212883 0.42465415596962 0.468607425689697 0.447527498006821 0.496575564146042 0.490362495183945 0.428790539503098 0.504777133464813 0.490409344434738 0.450094819068909 0.380696386098862 0.374871492385864 0.255741953849792 0.228365361690521 0.331765919923782 0.435891956090927 0.377587050199509 0.162052407860756 0.192339077591896 0.156034260988235 0.24393305182457 0.205746203660965 0.36594945192337 0.463770002126694 0.342814892530441 0.358643978834152 0.25289723277092 0.156520828604698 0.240574166178703 0.24467758834362 0.259735822677612 0.450038224458694 0.400777578353882 0.408442407846451 -3.4e+38 -3.4e+38 -3.4e+38 0.295102775096893 0.266116380691528 0.453732401132584 0.413349807262421 -3.4e+38 -3.4e+38 -3.4e+38 -3.4e+38 -3.4e+38 -3.4e+38
0.492892235517502 0.431499719619751 0.457348972558975 0.486007422208786 0.387721478939056 0.396046012639999 0.462068527936935 0.446556568145752 0.411020457744598 0.406827509403229 0.404833793640137 0.516794621944427 0.491407305002213 0.42625418305397 0.331072688102722 0.277653694152832 0.249532595276833 0.3561632335186 0.356049358844757 0.303176671266556 0.121867686510086 0.22551666200161 0.143397226929665 0.105468980967999 0.194939076900482 0.337727308273315 0.435861766338348 0.40548175573349 0.46136000752449 0.462913244962692 0.295372605323792 0.372509449720383 0.311011582612991 0.284019827842712 0.477245450019836 -3.4e+38 -3.4e+38 -3.4e+38 -3.4e+38 -3.4e+38 -3.4e+38 -3.4e+38 -3.4e+38 -3.4e+38 -3.4e+38 -3.4e+38 -3.4e+38 -3.4e+38 -3.4e+38 -3.4e+38
0.412028700113297 0.407538890838623 0.403654903173447 0.440829992294312 0.416545569896698 0.404375731945038 0.363769084215164 0.435398876667023 0.406749337911606 0.421383053064346 0.460688412189484 0.366655647754669 0.570881545543671 0.541053414344788 0.546074271202087 0.494257211685181 0.405001580715179 0.427360743284225 0.32959908246994 0.254616022109985 0.228960365056992 0.210203155875206 0.142432227730751 0.14969277381897 0.155965462327003 0.299888044595718 0.419101655483246 0.457196772098541 0.366181761026382 0.332622498273849 0.29586723446846 0.355580449104309 0.378806561231613 0.319477766752243 -3.4e+38 -3.4e+38 -3.4e+38 -3.4e+38 -3.4e+38 -3.4e+38 -3.4e+38 -3.4e+38 -3.4e+38 -3.4e+38 -3.4e+38 -3.4e+38 -3.4e+38 -3.4e+38 -3.4e+38 -3.4e+38
0.396293252706528 0.263914257287979 0.27097362279892 0.376396477222443 0.442606955766678 0.380958527326584 0.428936213254929 0.458504915237427 0.449521213769913 0.343551009893417 0.411501467227936 0.439962029457092 0.567028224468231 0.438806474208832 0.550638973712921 0.546068966388702 0.296431869268417 0.25609889626503 0.223313882946968 0.199250742793083 0.214390650391579 0.25213035941124 0.179652690887451 0.188016474246979 0.259991765022278 0.272590547800064 0.284276574850082 0.271909177303314 0.324287950992584 0.362811774015427 0.428062975406647 -3.4e+38 -3.4e+38 -3.4e+38 -3.4e+38 -3.4e+38 -3.4e+38 -3.4e+38 -3.4e+38 -3.4e+38 -3.4e+38 -3.4e+38 -3.4e+38 -3.4e+38 -3.4e+38 -3.4e+38 -3.4e+38 -3.4e+38 -3.4e+38 -3.4e+38
0.341911286115646 0.159754261374474 0.261468797922134 0.262145102024078 0.297103971242905 0.35202768445015 0.391910284757614 0.387389063835144 0.441543430089951 0.295523136854172 0.373865932226181 0.407875567674637 0.440024614334106 0.465926200151443 0.44346296787262 0.309429824352264 0.28739008307457 0.317770093679428 0.228918790817261 0.215309634804726 0.220986753702164 0.285351932048798 0.215937778353691 0.199241578578949 0.294322490692139 0.316738605499268 0.305589735507965 0.281438708305359 0.311822324991226 0.347318440675735 0.472687780857086 -3.4e+38 -3.4e+38 -3.4e+38 -3.4e+38 -3.4e+38 -3.4e+38 -3.4e+38 -3.4e+38 -3.4e+38 -3.4e+38 -3.4e+38 -3.4e+38 -3.4e+38 -3.4e+38 -3.4e+38 -3.4e+38 -3.4e+38 -3.4e+38 -3.4e+38
