pkg/usdm/inst/external/EVI_season4.asc
NCOLS 279 
NROWS 320 
XLLCORNER 523900.453205175 
YLLCORNER 5622610.68929959 
CELLSIZE 1000 
NODATA_value -3.4e+38 
[rows 154 to 175 of 320, columns 150 to 199 of 279]
0.397240728139877 0.435631096363068 0.380525380373001 0.376875728368759 0.399064183235168 0.425447791814804 0.383066385984421 0.330994814634323 0.32106813788414 0.318652033805847 0.283334910869598 0.292930752038956 0.31302934885025 0.336347788572311 0.413343995809555 0.309526652097702 0.290400743484497 0.295489996671677 0.323617309331894 0.312474727630615 0.273160457611084 0.276131749153137 0.324971467256546 0.306629717350006 0.295944899320602 0.310263693332672 0.19877490401268 0.189217031002045 0.173279345035553 0.164113610982895 0.217859715223312 0.281006574630737 0.309733808040619 0.353009819984436 0.467948526144028 0.434150457382202 0.380001395940781 0.345789819955826 0.377636760473251 0.400418609380722 0.427032947540283 0.477236747741699 0.430843889713287 0.458273708820343 0.373163342475891 0.341913789510727 0.341203987598419 0.373300731182098 0.404544353485107 0.424809634685516
0.444483876228333 0.41182667016983 0.343607038259506 0.392236649990082 0.369632035493851 0.482812970876694 0.468408137559891 0.351231008768082 0.32556739449501 0.314064800739288 0.295920461416245 0.262210935354233 0.267019361257553 0.306269079446793 0.284922212362289 0.25531992316246 0.249973431229591 0.282872051000595 0.31029999256134 0.293442040681839 0.285911202430725 0.260656774044037 0.295663803815842 0.305323600769043 0.302783995866776 0.292401939630508 0.201639071106911 0.193292319774628 0.184763520956039 0.203711941838264 0.216835558414459 0.230302587151527 0.280364453792572 0.355740457773209 0.396944433450699 0.455242961645126 0.480220466852188 0.284517139196396 0.361571848392487 0.453174918889999 0.403885930776596 0.488756656646729 0.49299630522728 0.484993994235992 0.501337766647339 0.443745940923691 0.367237418889999 0.359637588262558 0.315792143344879 0.383260101079941
0.427420556545258 0.351322948932648 0.385988712310791 0.414129436016083 0.427814364433289 0.401948153972626 0.417324721813202 0.381230473518372 0.315191388130188 0.308545380830765 0.250204354524612 0.280463337898254 0.264724612236023 0.26694667339325 0.270867139101028 0.260372132062912 0.282552391290665 0.311003059148788 0.289596676826477 0.288169264793396 0.295888781547546 0.288385361433029 0.278949171304703 0.302381664514542 0.294961214065552 0.29524889588356 0.233898431062698 0.218663975596428 0.230446383357048 0.254976391792297 0.194678336381912 0.248530745506287 0.330678045749664 0.421826839447021 0.48142147064209 0.529428064823151 0.541525661945343 0.442780911922455 0.346059441566467 0.391092300415039 0.418296307325363 0.452851206064224 0.364993065595627 0.349006026983261 0.401997119188309 0.427265644073486 0.367581218481064 0.44237944483757 0.436024725437164 0.467170089483261
0.421346306800842 0.407831192016602 0.479943603277206 0.422475099563599 0.24376805126667 0.338973790407181 0.38768008351326 0.462245285511017 0.364908516407013 0.367670923471451 0.367795079946518 0.278900653123856 0.276054918766022 0.286965638399124 0.299373894929886 0.323918968439102 0.333317965269089 0.240123882889748 0.285252124071121 0.294784337282181 0.29854878783226 0.301584720611572 0.299231380224228 0.292674988508224 0.288463324308395 0.300587117671967 0.258463233709335 0.252516478300095 0.25939816236496 0.212292402982712 0.282453715801239 0.416165828704834 0.476471751928329 0.409446209669113 0.505939066410065 0.564852774143219 0.494645565748215 0.386548072099686 0.311334729194641 0.3723523914814 0.44320148229599 0.457982420921326 0.53056389093399 0.470346838235855 0.465430647134781 0.507982015609741 0.414038896560669 0.50317507982254 0.517062604427338 0.36030575633049
0.393683880567551 0.43458017706871 0.481292963027954 0.381544351577759 0.340413063764572 0.357038617134094 0.3521349132061 0.393922418355942 0.356584995985031 0.426181852817535 0.353259086608887 0.298019617795944 0.280309736728668 0.309808701276779 0.334777683019638 0.2108553647995 0.178655460476875 0.225101754069328 0.279544085264206 0.258749902248383 0.286985009908676 0.289520829916 0.298759639263153 0.289908528327942 0.299907863140106 0.28753000497818 0.310186475515366 0.321243792772293 0.329356580972672 0.377876937389374 0.443626403808594 0.413698613643646 0.465345174074173 0.516266584396362 0.50471556186676 0.431873798370361 0.395607233047485 0.423204064369202 0.535440623760223 0.502041280269623 0.467348605394363 0.41003230214119 0.49447825551033 0.421580284833908 0.356547325849533 0.376700729131699 0.301885277032852 0.40095055103302 0.388254642486572 0.32241415977478
0.390939086675644 0.40405148267746 0.393606126308441 0.364654451608658 0.322139710187912 0.283628523349762 0.377539247274399 0.47168156504631 0.417493790388107 0.438787788152695 0.367232590913773 0.331321954727173 0.309561491012573 0.317024260759354 0.299390375614166 0.292626678943634 0.285091757774353 0.275097876787186 0.303521126508713 0.257233053445816 0.252453595399857 0.278813153505325 0.294298708438873 0.288964450359344 0.270692229270935 0.27510592341423 0.300156772136688 0.321394711732864 0.331851571798325 0.315122038125992 0.321478992700577 0.416267305612564 0.409374624490738 0.480370819568634 0.470971018075943 0.458122879266739 0.479078322649002 0.528048038482666 0.539229154586792 0.523091018199921 0.410738527774811 0.422614067792892 0.431591302156448 0.480089157819748 0.232101663947105 0.284977316856384 0.393701106309891 0.396781861782074 0.412908971309662 0.497424364089966
0.456852853298187 0.437040567398071 0.336015731096268 0.257277220487595 0.240968152880669 0.325143605470657 0.460975557565689 0.488089174032211 0.470711767673492 0.415375739336014 0.412426292896271 0.336661577224731 0.328243255615234 0.308181673288345 0.321737408638 0.321771949529648 0.299585729837418 0.266338706016541 0.265165269374847 0.246071949601173 0.266776293516159 0.282723873853683 0.303835362195969 0.277512699365616 0.296363055706024 0.29128286242485 0.286524444818497 0.284471392631531 0.295272141695023 0.292385190725327 0.318404525518417 0.338570386171341 0.418416023254395 0.441903322935104 0.485138714313507 0.540736854076385 0.523176372051239 0.508353888988495 0.502025067806244 0.436051189899445 0.453075736761093 0.4322449862957 0.486551851034164 0.411609172821045 0.271081656217575 0.263711214065552 0.345705449581146 0.390133708715439 0.468689352273941 0.481868892908096
0.399091303348541 0.439493507146835 0.445973515510559 0.333359450101852 0.411002695560455 0.439104706048965 0.417750835418701 0.426679730415344 0.373955726623535 0.429142504930496 0.444790840148926 0.392961204051971 0.407352417707443 0.408672392368317 0.310680836439133 0.286749809980392 0.27931073307991 0.241312682628632 0.249507129192352 0.207159727811813 0.275076478719711 0.29981055855751 0.305631667375565 0.296077966690063 0.303594917058945 0.302361398935318 0.308269709348679 0.309850841760635 0.306020379066467 0.302347868680954 0.293528884649277 0.321398138999939 0.345750004053116 0.461778789758682 0.519188225269318 0.515586376190186 0.522762298583984 0.460034638643265 0.435728341341019 0.418976753950119 0.453237950801849 0.498249530792236 0.499298423528671 0.429769068956375 0.183227688074112 0.243599906563759 0.257581025362015 0.338840544223785 0.429561853408813 0.49891185760498
0.360450565814972 0.394996672868729 0.305150359869003 0.261541128158569 0.351309269666672 0.482993602752686 0.43268084526062 0.367179900407791 0.468173801898956 0.441457509994507 0.47975492477417 0.402712970972061 0.452236026525497 0.467727690935135 0.353519082069397 0.30797815322876 0.231096208095551 0.198145180940628 0.227763801813126 0.244457587599754 0.269447863101959 0.303000837564468 0.302207589149475 0.299261838197708 0.30290824174881 0.313305556774139 0.308111101388931 0.303306579589844 0.304130911827087 0.302955657243729 0.291459441184998 0.315007120370865 0.396252691745758 0.398524433374405 0.480641663074493 0.543007791042328 0.545637249946594 0.531079709529877 0.466953068971634 0.466073989868164 0.488869726657867 0.432847589254379 0.477308243513107 0.331635564565659 0.291978895664215 0.27286833524704 0.247797220945358 0.269058972597122 0.385749250650406 0.503791928291321
0.495704174041748 0.445395559072495 0.243025839328766 0.182495191693306 0.229676946997643 0.473824262619019 0.442714631557465 0.427672505378723 0.466192960739136 0.468641936779022 0.457035928964615 0.422817975282669 0.42199370265007 0.425317049026489 0.322889059782028 0.307566374540329 0.256702125072479 0.259132862091064 0.284348249435425 0.273248344659805 0.270298689603806 0.292640566825867 0.29201665520668 0.307698607444763 0.319225817918777 0.310486853122711 0.303554445505142 0.306404173374176 0.285585552453995 0.279526948928833 0.306757599115372 0.326455563306808 0.324541300535202 0.480816096067429 0.474823147058487 0.408481031656265 0.449657320976257 0.488101214170456 0.487384080886841 0.454891204833984 0.365633875131607 0.361795842647552 0.47703555226326 0.449351400136948 0.352565556764603 0.299053877592087 0.332172781229019 0.449436753988266 0.453408062458038 0.436391204595566
0.524665951728821 0.429398417472839 0.295147866010666 0.341685473918915 0.490945279598236 0.431982785463333 0.441626399755478 0.432592868804932 0.468028038740158 0.454484820365906 0.428985267877579 0.46749684214592 0.422695100307465 0.431914716959 0.46774759888649 0.34836944937706 0.275158792734146 0.281322419643402 0.288668245077133 0.298802882432938 0.295827031135559 0.28252324461937 0.301148414611816 0.358486026525497 0.346387594938278 0.296867966651917 0.293906837701797 0.312643051147461 0.298167586326599 0.302290827035904 0.292825192213058 0.32053130865097 0.32785964012146 0.492230743169785 0.450782418251038 0.35442066192627 0.397433996200562 0.419158041477203 0.41473388671875 0.518363058567047 0.43629065155983 0.418663054704666 0.445882678031921 0.498060196638107 0.392880648374557 0.373268336057663 0.348504722118378 0.442278146743774 0.487954527139664 0.505168318748474
0.486356198787689 0.364473521709442 0.490168422460556 0.441505938768387 0.470725357532501 0.457778066396713 0.448663145303726 0.429873436689377 0.485657036304474 0.406455188989639 0.408428341150284 0.433520287275314 0.351961493492126 0.481525748968124 0.512236416339874 0.388736307621002 0.28498101234436 0.240661755204201 0.240512311458588 0.279086768627167 0.29148057103157 0.287341564893723 0.295990735292435 0.333350837230682 0.315763980150223 0.307889521121979 0.294282406568527 0.283080011606216 0.288901388645172 0.282977223396301 0.28338035941124 0.300724625587463 0.351956844329834 0.380971401929855 0.355049639940262 0.196035742759705 0.261733144521713 0.343903064727783 0.428167700767517 0.423123508691788 0.434873700141907 0.477754354476929 0.419665366411209 0.472747772932053 0.459305554628372 0.52029675245285 0.446033149957657 0.474753230810165 0.4334397315979 0.388608992099762
0.496737390756607 0.526713252067566 0.463025540113449 0.442669987678528 0.446629077196121 0.438304632902145 0.326059073209763 0.310820013284683 0.353544175624847 0.309734731912613 0.294018715620041 0.398190915584564 0.370564997196198 0.424213975667953 0.405093789100647 0.359093248844147 0.321410655975342 0.252636671066284 0.261734157800674 0.293300360441208 0.294606864452362 0.296966582536697 0.295929998159409 0.357486486434937 0.354537487030029 0.317483156919479 0.309090375900269 0.297759920358658 0.284646481275558 0.290937125682831 0.307772696018219 0.302476018667221 0.302200108766556 0.305369436740875 0.306479543447495 0.235850647091866 0.30297526717186 0.386394917964935 0.484623044729233 0.456708520650864 0.407763719558716 0.2823825776577 0.383295267820358 0.452603429555893 0.472745269536972 0.465763717889786 0.471078515052795 0.435625106096268 0.458017975091934 0.407762765884399
0.407919257879257 0.465641856193542 0.470161110162735 0.466058164834976 0.457753777503967 0.33597519993782 0.309981852769852 0.324925184249878 0.36675888299942 0.346471577882767 0.319342494010925 0.321912407875061 0.313232868909836 0.339431941509247 0.402401119470596 0.287764549255371 0.27638840675354 0.284392863512039 0.300352782011032 0.292288333177567 0.298025548458099 0.291642785072327 0.228799626231194 0.23604129254818 0.324738711118698 0.313697397708893 0.308015078306198 0.314453333616257 0.284675657749176 0.291893690824509 0.30904084444046 0.294445544481277 0.302341490983963 0.305494070053101 0.307750642299652 0.335250824689865 0.363004177808762 0.407436192035675 0.519314527511597 0.382082045078278 0.409677028656006 0.294727772474289 0.415867775678635 0.510397136211395 0.523750901222229 0.482372969388962 0.441557317972183 0.433642685413361 0.450359612703323 0.434700191020966
0.474332958459854 0.401670277118683 0.490996956825256 0.471519351005554 0.367457509040833 0.239693611860275 0.3363216817379 0.31827175617218 0.333592772483826 0.357339262962341 0.303143054246902 0.321749716997147 0.306308895349503 0.291363805532455 0.327388346195221 0.317050844430923 0.286151021718979 0.307092398405075 0.307406842708588 0.271697223186493 0.276678413152695 0.250525832176208 0.239003986120224 0.255421012639999 0.305693715810776 0.299381583929062 0.295581579208374 0.279786676168442 0.329662322998047 0.313468337059021 0.306610107421875 0.282008707523346 0.299927681684494 0.311777234077454 0.313988894224167 0.325178503990173 0.381428897380829 0.412646293640137 0.517978727817535 0.362951308488846 0.415021389722824 0.473699271678925 0.472468972206116 0.469799906015396 0.34721565246582 0.354992121458054 0.406233608722687 0.422922134399414 0.45259416103363 0.496955543756485
0.358294904232025 0.438264071941376 0.44984370470047 0.407605737447739 0.407391488552094 0.346708983182907 0.352774441242218 0.325358241796494 0.343335747718811 0.362597227096558 0.319128811359406 0.317672491073608 0.312096387147903 0.307139724493027 0.320208251476288 0.245414167642593 0.286922037601471 0.305159360170364 0.30541056394577 0.241364911198616 0.26406455039978 0.281572222709656 0.291091114282608 0.301664620637894 0.329219341278076 0.30322602391243 0.305762588977814 0.284588873386383 0.315895467996597 0.317990750074387 0.299738615751266 0.293290555477142 0.291709899902344 0.298814624547958 0.308689266443253 0.310138255357742 0.301818042993546 0.417005568742752 0.429876953363419 0.40689480304718 0.464353412389755 0.465523898601532 0.553635835647583 0.492220729589462 0.350284069776535 0.46123343706131 0.474972039461136 0.417344450950623 0.456396758556366 0.444707959890366
0.307882964611053 0.414739072322845 0.405993521213531 0.391884058713913 0.458987325429916 0.463757306337357 0.421780079603195 0.354149430990219 0.334243059158325 0.328577607870102 0.329828232526779 0.307018607854843 0.310849338769913 0.31537276506424 0.303230553865433 0.290468692779541 0.293465554714203 0.305723160505295 0.230589628219604 0.273714542388916 0.301711291074753 0.276449620723724 0.346408605575562 0.44750565290451 0.405458241701126 0.331321865320206 0.321582227945328 0.325929641723633 0.304833322763443 0.306318044662476 0.33180445432663 0.301754266023636 0.295997321605682 0.296755015850067 0.307767778635025 0.306633621454239 0.308852970600128 0.318979531526566 0.276538968086243 0.492886483669281 0.486770540475845 0.415457397699356 0.467112123966217 0.542017102241516 0.529307961463928 0.558119475841522 0.485219895839691 0.425182491540909 0.443583428859711 0.462004363536835
0.495905637741089 0.414610475301743 0.358905822038651 0.443226099014282 0.426558345556259 0.478652328252792 0.458820819854736 0.376515746116638 0.336589455604553 0.316819071769714 0.298573881387711 0.27065297961235 0.278798431158066 0.329878598451614 0.339311569929123 0.313351660966873 0.314116835594177 0.299330174922943 0.274067133665085 0.314449161291122 0.273831933736801 0.288894921541214 0.346467137336731 0.406752586364746 0.362447500228882 0.374982684850693 0.28697943687439 0.291042506694794 0.26604425907135 0.294576019048691 0.280789434909821 0.265525370836258 0.256551384925842 0.282556295394897 0.296293437480927 0.301566660404205 0.311141401529312 0.333716660737991 0.280089616775513 0.378841310739517 0.458197951316833 0.478225558996201 0.425253331661224 0.456821471452713 0.500909924507141 0.517719447612762 0.490205019712448 0.423289060592651 0.458196192979813 0.494144529104233
0.41599315404892 0.473459541797638 0.397812873125076 0.449276566505432 0.440478503704071 0.463783323764801 0.399508148431778 0.341202586889267 0.344316005706787 0.283787965774536 0.30607795715332 0.276553332805634 0.346905171871185 0.326882600784302 0.326293230056763 0.320814460515976 0.315313160419464 0.307637304067612 0.299022138118744 0.268830269575119 0.282146394252777 0.318212419748306 0.360258519649506 0.279147773981094 0.296735286712646 0.340792328119278 0.284627228975296 0.294361382722855 0.298160642385483 0.272683143615723 0.255947142839432 0.225062310695648 0.261299431324005 0.28881824016571 0.302042424678802 0.30466416478157 0.300138711929321 0.305961847305298 0.413037866353989 0.411886662244797 0.329970180988312 0.454349249601364 0.426906496286392 0.402178972959518 0.391820818185806 0.418365448713303 0.454930752515793 0.507517039775848 0.482603996992111 0.48573100566864
0.448665261268616 0.313866585493088 0.319588422775269 0.410571098327637 0.410837680101395 0.334904253482819 0.256065547466278 0.211037129163742 0.194452315568924 0.170651569962502 0.27598574757576 0.279578059911728 0.262685745954514 0.311246663331985 0.304853230714798 0.30417001247406 0.289026856422424 0.268145173788071 0.276002585887909 0.25551426410675 0.287546843290329 0.295372396707535 0.318351030349731 0.312393069267273 0.319934815168381 0.291565179824829 0.286273986101151 0.292814522981644 0.299303889274597 0.265773713588715 0.257364064455032 0.269582033157349 0.292751669883728 0.295958161354065 0.294491767883301 0.316496014595032 0.334700733423233 0.398162215948105 0.45009982585907 0.502349257469177 0.4281105697155 0.564088523387909 0.443073332309723 0.446202963590622 0.433289617300034 0.409631311893463 0.43857204914093 0.480095088481903 0.481829077005386 0.470547586679459
0.215641483664513 0.18601156771183 0.28948175907135 0.429451107978821 0.408498257398605 0.293668061494827 0.265197783708572 0.238071396946907 0.177985921502113 0.212154626846313 0.272402971982956 0.306973785161972 0.259540736675262 0.281360566616058 0.308664083480835 0.299560546875 0.289899438619614 0.288884162902832 0.292959153652191 0.299878150224686 0.305484533309937 0.327375382184982 0.285690367221832 0.287957787513733 0.276168614625931 0.315873056650162 0.30561175942421 0.30409038066864 0.312039911746979 0.295745939016342 0.255403995513916 0.265402883291245 0.27382019162178 0.303554266691208 0.31476554274559 0.325844615697861 0.333308786153793 0.480132222175598 0.467332780361176 0.461569547653198 0.402166843414307 0.370349168777466 0.372868329286575 0.412964344024658 0.441607862710953 0.419652700424194 0.386961579322815 0.43879047036171 0.42355489730835 0.397289156913757
0.190985098481178 0.16542860865593 0.271870642900467 0.395931005477905 0.427585929632187 0.26987823843956 0.187917783856392 0.220077782869339 0.205357685685158 0.237561851739883 0.250952124595642 0.297278255224228 0.292253702878952 0.287206679582596 0.293770372867584 0.294365376234055 0.310259640216827 0.287012487649918 0.276312410831451 0.283087879419327 0.342237025499344 0.327722311019897 0.330131560564041 0.304189175367355 0.275018692016602 0.270502328872681 0.284514337778091 0.306238323450089 0.287913143634796 0.286378234624863 0.284096211194992 0.300838530063629 0.317341029644012 0.337650746107101 0.349672228097916 0.288924247026443 0.350426375865936 0.480529546737671 0.527855932712555 0.484959989786148 0.343441486358643 0.227300837635994 0.336722314357758 0.45775231719017 0.434146195650101 0.350450456142426 0.341533333063126 0.377911657094955 0.405480086803436 0.468004524707794
