pkg/usdm/inst/external/EVI_season4.asc
NCOLS 279 
NROWS 320 
XLLCORNER 523900.453205175 
YLLCORNER 5622610.68929959 
CELLSIZE 1000 
NODATA_value -3.4e+38 
[rows 176 to 197 of 320, columns 100 to 149 of 279]
0.546839237213135 0.576747238636017 0.541169166564941 0.534613907337189 0.317008435726166 0.515271961688995 0.520257413387299 0.523926198482513 0.489687114953995 0.557872295379639 0.558494985103607 0.531959354877472 0.568853437900543 0.556766748428345 0.507991373538971 0.329667598009109 0.271417140960693 0.247581660747528 0.213501483201981 0.181711107492447 0.196072414517403 0.298166930675507 0.309289336204529 0.252043157815933 0.215485095977783 0.323019921779633 0.503704249858856 0.580489099025726 0.565616190433502 0.513014078140259 0.475711494684219 0.478144079446793 0.497533708810806 0.448270201683044 0.446058988571167 0.496148973703384 0.478715270757675 0.519900739192963 0.472911864519119 0.424852043390274 0.338981121778488 0.32397648692131 0.30052387714386 0.304598063230515 0.291808247566223 0.298669248819351 0.302436947822571 0.29646110534668 0.320123702287674 0.277286469936371
0.549996197223663 0.557161092758179 0.519888639450073 0.50348562002182 0.359128713607788 0.434077233076096 0.515324175357819 0.54556405544281 0.579722583293915 0.553508043289185 0.546241879463196 0.545002579689026 0.520256698131561 0.530834376811981 0.470297783613205 0.279821306467056 0.195541486144066 0.247027218341827 0.256321668624878 0.300368249416351 0.187585920095444 0.453346580266953 0.419086575508118 0.363436102867126 0.262537688016891 0.282004445791245 0.358401119709015 0.502187311649323 0.515534341335297 0.584493696689606 0.554748713970184 0.51845508813858 0.515765070915222 0.416983157396317 0.442229896783829 0.422390848398209 0.539395391941071 0.486465752124786 0.484163612127304 0.456168055534363 0.391443967819214 0.394849807024002 0.260674268007278 0.282159805297852 0.339870661497116 0.322014808654785 0.306569337844849 0.303201466798782 0.32876592874527 0.326422214508057
0.484429627656937 0.526342689990997 0.540980458259583 0.595107197761536 0.565030932426453 0.520946562290192 0.548075735569 0.493831843137741 0.520872056484222 0.52764767408371 0.572837293148041 0.549462854862213 0.498004823923111 0.481723427772522 0.460793137550354 0.28541174530983 0.190155744552612 0.267487227916718 0.339206397533417 0.329076021909714 0.367679357528687 0.462683141231537 0.510570824146271 0.504988610744476 0.525877475738525 0.480228155851364 0.427401214838028 0.421351760625839 0.448433697223663 0.481790274381638 0.527136504650116 0.480653136968613 0.465016961097717 0.433184921741486 0.491577237844467 0.498504161834717 0.460752218961716 0.528489351272583 0.519045293331146 0.526999711990356 0.45863276720047 0.493129163980484 0.406163603067398 0.374508142471313 0.300050735473633 0.246384993195534 0.313134431838989 0.291191101074219 0.295095384120941 0.299572318792343
0.566415846347809 0.551400899887085 0.529347121715546 0.548726379871368 0.573411107063293 0.575433790683746 0.523870527744293 0.524454355239868 0.528730571269989 0.48856508731842 0.463086754083633 0.448485195636749 0.478789150714874 0.526553988456726 0.574548780918121 0.481214821338654 0.441535085439682 0.525072038173676 0.401553601026535 0.250397324562073 0.369798600673676 0.387386202812195 0.324970185756683 0.449625551700592 0.499496281147003 0.477943807840347 0.453113883733749 0.543550074100494 0.485547035932541 0.491196662187576 0.511044085025787 0.457081109285355 0.511197865009308 0.436572581529617 0.358579903841019 0.468957126140594 0.477264612913132 0.547090649604797 0.505051016807556 0.527103960514069 0.523233413696289 0.573028981685638 0.484936118125916 0.465442955493927 0.451379269361496 0.393687307834625 0.335976749658585 0.338069170713425 0.324102580547333 0.340913236141205
0.537568867206573 0.526162385940552 0.583316564559937 0.585216760635376 0.56736832857132 0.569203972816467 0.468232393264771 0.521997809410095 0.514763414859772 0.52754944562912 0.514782845973969 0.518509984016418 0.51645028591156 0.519310355186462 0.565979719161987 0.510100483894348 0.515479564666748 0.304235935211182 0.320378988981247 0.174291670322418 0.317088425159454 0.462993890047073 0.257416844367981 0.385631114244461 0.507573962211609 0.573981940746307 0.537015199661255 0.51721602678299 0.523248314857483 0.492894172668457 0.430900454521179 0.47608545422554 0.440576583147049 0.462685823440552 0.432361006736755 0.406774073839188 0.455527037382126 0.459348052740097 0.474062144756317 0.476131856441498 0.540745258331299 0.537897050380707 0.528901040554047 0.40189453959465 0.414280831813812 0.323800086975098 0.281416863203049 0.385130375623703 0.438771098852158 0.392499625682831
0.495778441429138 0.557334363460541 0.571964144706726 0.587682783603668 0.578512132167816 0.484667599201202 0.544750273227692 0.585705995559692 0.520579695701599 0.569457113742828 0.563840866088867 0.4599249958992 0.5524982213974 0.505729973316193 0.533189058303833 0.367808997631073 0.397709995508194 0.523845553398132 0.436792969703674 0.207735374569893 0.329718053340912 0.408529430627823 0.417319178581238 0.413076847791672 0.497855007648468 0.5380819439888 0.534975528717041 0.553605914115906 0.531389713287354 0.437830567359924 0.346867024898529 0.528649151325226 0.433309078216553 0.504687428474426 0.415444433689117 0.343544155359268 0.238533154129982 0.34567990899086 0.500801861286163 0.505860924720764 0.542897880077362 0.5022212266922 0.396306931972504 0.394896298646927 0.375399619340897 0.42572084069252 0.417977869510651 0.463918507099152 0.426637232303619 0.331162124872208
0.529001593589783 0.506178677082062 0.550402522087097 0.465055644512177 0.504931509494781 0.53962230682373 0.565398156642914 0.524390459060669 0.5074822306633 0.518061101436615 0.503825664520264 0.43414518237114 0.291010558605194 0.471620082855225 0.415566951036453 0.305388331413269 0.415888518095016 0.465804159641266 0.429175913333893 0.338646113872528 0.445387214422226 0.537227988243103 0.488815009593964 0.432572305202484 0.355829268693924 0.40851628780365 0.487621665000916 0.494777590036392 0.468845844268799 0.383263975381851 0.44432258605957 0.554203689098358 0.534309148788452 0.467803806066513 0.285415649414062 0.268982321023941 0.295830368995667 0.252750635147095 0.223525837063789 0.233470097184181 0.268734902143478 0.195326671004295 0.279710650444031 0.330534160137177 0.430081307888031 0.393723607063293 0.376305282115936 0.468328982591629 0.479708045721054 0.448544353246689
0.560546040534973 0.492845833301544 0.514486849308014 0.552028179168701 0.574040651321411 0.559917509555817 0.535577058792114 0.488835275173187 0.456185549497604 0.336102962493896 0.339053153991699 0.297912120819092 0.40209749341011 0.492206007242203 0.516201317310333 0.464366108179092 0.358264893293381 0.418905109167099 0.489908516407013 0.495649814605713 0.426973879337311 0.445072144269943 0.506556391716003 0.515224993228912 0.458936095237732 0.382391005754471 0.334490835666656 0.315296947956085 0.305189073085785 0.372139990329742 0.476393699645996 0.390727400779724 0.353188246488571 0.412635087966919 0.437054723501205 0.379299163818359 0.306234151124954 0.399866580963135 0.368056297302246 0.474497675895691 0.437741756439209 0.457658708095551 0.482115000486374 0.460449546575546 0.486546009778976 0.470639169216156 0.423292696475983 0.484358161687851 0.444235920906067 0.401492863893509
0.521939516067505 0.532373487949371 0.529760479927063 0.527522146701813 0.552249073982239 0.502509355545044 0.529229700565338 0.530929744243622 0.393655449151993 0.4854376912117 0.355029821395874 0.400963813066483 0.377312123775482 0.446698039770126 0.52472460269928 0.472933053970337 0.496639996767044 0.486598253250122 0.503702044487 0.547284603118896 0.475843042135239 0.490774989128113 0.495043784379959 0.496439814567566 0.517000615596771 0.531339168548584 0.569742381572723 0.363524079322815 0.271562308073044 0.21112759411335 0.369304060935974 0.41533750295639 0.386349529027939 0.386402696371078 0.399286031723022 0.386170566082001 0.429970741271973 0.404356479644775 0.516921877861023 0.414416760206223 0.398874998092651 0.526972472667694 0.550942957401276 0.410440474748611 0.525872588157654 0.53417831659317 0.486409723758698 0.402304440736771 0.372894257307053 0.313281953334808
0.499118626117706 0.468158811330795 0.434827864170074 0.360602051019669 0.460675358772278 0.496560364961624 0.466993063688278 0.378125190734863 0.401828527450562 0.559661209583282 0.560104370117188 0.542185544967651 0.521824538707733 0.442023158073425 0.548073351383209 0.516480267047882 0.483643531799316 0.489595353603363 0.47565221786499 0.536867678165436 0.566051959991455 0.543232202529907 0.524587392807007 0.423792958259583 0.494498789310455 0.549534380435944 0.49308705329895 0.337513506412506 0.229634538292885 0.333091288805008 0.48388147354126 0.505427598953247 0.421869069337845 0.395401567220688 0.440648436546326 0.456459254026413 0.419552326202393 0.566922426223755 0.577437579631805 0.536283612251282 0.470333337783813 0.423734992742538 0.50101238489151 0.491707235574722 0.513910710811615 0.514780282974243 0.442440003156662 0.405158519744873 0.413424074649811 0.389433979988098
0.49550461769104 0.431299895048141 0.26769232749939 0.259753048419952 0.251356959342957 0.298440545797348 0.375550091266632 0.4537613093853 0.531118810176849 0.54770702123642 0.562003254890442 0.532505810260773 0.554164350032806 0.4689981341362 0.534898519515991 0.540845930576324 0.541853964328766 0.539622604846954 0.566403687000275 0.557964324951172 0.519206285476685 0.552927494049072 0.514927983283997 0.490743786096573 0.470874458551407 0.502756416797638 0.470142602920532 0.46023029088974 0.335999071598053 0.456757694482803 0.47695130109787 0.455151110887527 0.424685478210449 0.509448766708374 0.43068739771843 0.439950466156006 0.505562961101532 0.550164103507996 0.579448223114014 0.547373056411743 0.526387512683868 0.449093520641327 0.429164350032806 0.334847033023834 0.391758322715759 0.396114528179169 0.343721866607666 0.402028441429138 0.515913426876068 0.511646747589111
0.406191557645798 0.249758049845695 0.483048230409622 0.542555749416351 0.42781537771225 0.560661315917969 0.575833320617676 0.533731400966644 0.538831651210785 0.559010803699493 0.583637475967407 0.556874096393585 0.551773428916931 0.465245753526688 0.527465105056763 0.544805467128754 0.578461110591888 0.595476746559143 0.570103585720062 0.49458259344101 0.552103817462921 0.54783684015274 0.489561855792999 0.475657314062119 0.433716744184494 0.468662321567535 0.486050933599472 0.523978531360626 0.547004520893097 0.445571959018707 0.441023230552673 0.430368602275848 0.546640574932098 0.520236194133759 0.482957690954208 0.5030557513237 0.44794100522995 0.533158898353577 0.572521030902863 0.509021580219269 0.43690824508667 0.415711104869843 0.296492964029312 0.248747318983078 0.357317119836807 0.424289166927338 0.238724529743195 0.251271665096283 0.49896627664566 0.542616665363312
0.329254180192947 0.388809621334076 0.535327613353729 0.579774618148804 0.587056219577789 0.589170813560486 0.595324516296387 0.568546652793884 0.584607660770416 0.586101949214935 0.55993527173996 0.570621967315674 0.56427127122879 0.340049356222153 0.466839253902435 0.583894789218903 0.549189567565918 0.543459236621857 0.560200273990631 0.528123319149017 0.507259547710419 0.392424434423447 0.464734345674515 0.507838308811188 0.532763063907623 0.450882792472839 0.46995684504509 0.510281324386597 0.456566482782364 0.504020273685455 0.523023068904877 0.530772030353546 0.51220178604126 0.496813893318176 0.509830355644226 0.422789543867111 0.345259159803391 0.373255282640457 0.432975918054581 0.37641704082489 0.386664271354675 0.389148324728012 0.309046864509583 0.151003524661064 0.258682787418365 0.404586374759674 0.278054356575012 0.33195686340332 0.445160925388336 0.46584352850914
0.58036345243454 0.554190814495087 0.583008050918579 0.593560397624969 0.592814922332764 0.586647391319275 0.623547613620758 0.560026109218597 0.569741666316986 0.576177775859833 0.53497451543808 0.48055499792099 0.503175437450409 0.380989074707031 0.512684345245361 0.530704081058502 0.501663208007812 0.554149091243744 0.577571094036102 0.545963168144226 0.53633177280426 0.477808803319931 0.436060100793839 0.463906764984131 0.511501491069794 0.505364835262299 0.460084527730942 0.489017307758331 0.495621204376221 0.55801784992218 0.524017512798309 0.519902408123016 0.469593435525894 0.40908619761467 0.415830731391907 0.454497963190079 0.3637914955616 0.362093895673752 0.324754267930984 0.408424258232117 0.417732417583466 0.35153591632843 0.32474359869957 0.191333338618279 0.229767128825188 0.310003161430359 0.41863602399826 0.445959448814392 0.357246935367584 0.400844722986221
0.563028872013092 0.619868814945221 0.536153256893158 0.567986845970154 0.574528217315674 0.532303333282471 0.487449437379837 0.561012744903564 0.577750384807587 0.491440743207932 0.488498508930206 0.550598502159119 0.533503830432892 0.478238880634308 0.493742048740387 0.534952223300934 0.528693497180939 0.533660173416138 0.526472151279449 0.492591559886932 0.425246864557266 0.468074351549149 0.462942123413086 0.495146304368973 0.469544619321823 0.398749440908432 0.306785196065903 0.317828893661499 0.317076563835144 0.43632185459137 0.412226468324661 0.392760664224625 0.33737787604332 0.386572867631912 0.369633883237839 0.428376585245132 0.431271582841873 0.491834074258804 0.419675916433334 0.312161564826965 0.366501480340958 0.282688528299332 0.25318843126297 0.219157874584198 0.233710363507271 0.332776933908463 0.406848877668381 0.476958423852921 0.473280191421509 0.297867596149445
0.619731545448303 0.575130462646484 0.569309651851654 0.561224818229675 0.541382193565369 0.516420900821686 0.557508051395416 0.595101296901703 0.533990383148193 0.533906042575836 0.597627222537994 0.58405065536499 0.523902297019958 0.548596024513245 0.51847118139267 0.578826367855072 0.560490667819977 0.536984980106354 0.494802504777908 0.267106652259827 0.18931832909584 0.357205450534821 0.491714715957642 0.524851739406586 0.437996953725815 0.404037326574326 0.281031012535095 0.386681944131851 0.384452134370804 0.339901477098465 0.383750379085541 0.367560267448425 0.290241867303848 0.378897786140442 0.282049059867859 0.369353055953979 0.379440009593964 0.403760462999344 0.523679554462433 0.421825647354126 0.36499896645546 0.290135651826859 0.207544907927513 0.147917494177818 0.232482597231865 0.280426204204559 0.220095187425613 0.281526952981949 0.249456197023392 0.182057321071625
0.578011393547058 0.602938771247864 0.558375060558319 0.477629989385605 0.530195653438568 0.582353353500366 0.515433490276337 0.533821225166321 0.579968631267548 0.532479703426361 0.557911396026611 0.597881674766541 0.542396187782288 0.535251557826996 0.567280530929565 0.557205677032471 0.51876175403595 0.457645267248154 0.48292675614357 0.443438351154327 0.390048414468765 0.338521480560303 0.416797041893005 0.436109453439713 0.39454260468483 0.432909429073334 0.400765925645828 0.382004618644714 0.362048417329788 0.422573894262314 0.400161772966385 0.394255727529526 0.272599726915359 0.24282731115818 0.224535837769508 0.347808420658112 0.332421034574509 0.339137583971024 0.425817489624023 0.452579528093338 0.476792395114899 0.304991751909256 0.269719630479813 0.218940004706383 0.43037611246109 0.38720315694809 0.338006287813187 0.352437317371368 0.351113706827164 0.471324056386948
0.587555170059204 0.448491007089615 0.503165364265442 0.546822488307953 0.575368225574493 0.592992007732391 0.555694997310638 0.5760178565979 0.560533821582794 0.534669876098633 0.465516567230225 0.502182245254517 0.495934993028641 0.499350279569626 0.540787756443024 0.546765029430389 0.548627018928528 0.343196123838425 0.359396398067474 0.42878445982933 0.449830740690231 0.405966579914093 0.395730555057526 0.477598518133163 0.517192602157593 0.525576412677765 0.451278984546661 0.457720458507538 0.459975481033325 0.499210566282272 0.478168159723282 0.431063532829285 0.382704734802246 0.283670365810394 0.347863882780075 0.277968972921371 0.341142117977142 0.380025744438171 0.421550631523132 0.492006003856659 0.289758622646332 0.29435721039772 0.287169992923737 0.210913702845573 0.387853056192398 0.393972307443619 0.566817224025726 0.519280195236206 0.486441940069199 0.51595938205719
0.517998814582825 0.565421462059021 0.573704063892365 0.557000994682312 0.567071557044983 0.580069065093994 0.571090757846832 0.508874237537384 0.507114052772522 0.553830862045288 0.529002785682678 0.455888152122498 0.418206095695496 0.434436857700348 0.478226214647293 0.49176824092865 0.428325742483139 0.347201108932495 0.371208608150482 0.439518332481384 0.52154016494751 0.480413526296616 0.475690931081772 0.475173890590668 0.552808523178101 0.57635509967804 0.509704649448395 0.50129759311676 0.540710628032684 0.496972590684891 0.529649376869202 0.494807511568069 0.363302230834961 0.365534722805023 0.387043237686157 0.287693798542023 0.367972880601883 0.446516305208206 0.437006860971451 0.468271851539612 0.355957210063934 0.413464546203613 0.241205364465714 0.23485954105854 0.380865007638931 0.49164554476738 0.46219676733017 0.569441199302673 0.479692965745926 0.438013136386871
0.600907504558563 0.582847654819489 0.560157954692841 0.58356761932373 0.585934102535248 0.567263722419739 0.558361411094666 0.515990018844604 0.577782154083252 0.577384054660797 0.544803321361542 0.561906933784485 0.382358610630035 0.355092495679855 0.443529337644577 0.474439263343811 0.441846489906311 0.43732824921608 0.500346481800079 0.531598448753357 0.493770837783813 0.535510897636414 0.548498213291168 0.516893625259399 0.513622343540192 0.54517275094986 0.53080815076828 0.479197770357132 0.421860933303833 0.382521569728851 0.472662955522537 0.489455819129944 0.43927600979805 0.354597508907318 0.380217581987381 0.291179627180099 0.497538238763809 0.432535916566849 0.376056104898453 0.458200633525848 0.461657047271729 0.337997227907181 0.321687132120132 0.367103159427643 0.475908517837524 0.506008267402649 0.510304152965546 0.50821316242218 0.450341582298279 0.51023405790329
0.592566728591919 0.577692568302155 0.572723627090454 0.602509617805481 0.59411209821701 0.531461358070374 0.415783613920212 0.568057119846344 0.560356080532074 0.450779736042023 0.313342601060867 0.261987864971161 0.248453423380852 0.27741926908493 0.456800729036331 0.437949061393738 0.404395639896393 0.491835832595825 0.548607051372528 0.51612001657486 0.460357785224915 0.518926560878754 0.520109891891479 0.484355002641678 0.475245356559753 0.52091658115387 0.495705187320709 0.514941453933716 0.520811557769775 0.517075836658478 0.495863527059555 0.484603047370911 0.430593341588974 0.375164896249771 0.401841193437576 0.396386563777924 0.235149532556534 0.444496214389801 0.380557119846344 0.337430655956268 0.409066945314407 0.262560278177261 0.413138419389725 0.438442409038544 0.517603993415833 0.4536152780056 0.469053506851196 0.420000106096268 0.394229710102081 0.366770923137665
0.587577104568481 0.579051852226257 0.573053359985352 0.566134989261627 0.531638145446777 0.485429644584656 0.523580491542816 0.473144918680191 0.396642029285431 0.312639892101288 0.210456848144531 0.207500830292702 0.203485831618309 0.223879531025887 0.391184359788895 0.488068610429764 0.385563880205154 0.477107793092728 0.494026750326157 0.466554075479507 0.398681312799454 0.543514907360077 0.522301554679871 0.525749087333679 0.546378612518311 0.531265079975128 0.549663722515106 0.523994982242584 0.572519183158875 0.470081955194473 0.462507605552673 0.363659530878067 0.399659067392349 0.379460364580154 0.351961493492126 0.444997489452362 0.367812961339951 0.427005469799042 0.432569086551666 0.397245943546295 0.249955743551254 0.400985270738602 0.426610916852951 0.432288616895676 0.393989533185959 0.476029247045517 0.450848430395126 0.356671750545502 0.349197328090668 0.384062767028809
