pkg/usdm/inst/external/EVI_season4.asc
NCOLS 279 
NROWS 320 
XLLCORNER 523900.453205175 
YLLCORNER 5622610.68929959 
CELLSIZE 1000 
NODATA_value -3.4e+38 
[rows 44 to 65 of 320, columns 150 to 199 of 279]
0.434474617242813 0.371749639511108 0.378169178962708 0.341851115226746 0.505764424800873 0.532808423042297 0.546336829662323 0.53986519575119 0.486024707555771 0.497642606496811 0.262784987688065 0.158207505941391 0.11825055629015 0.172931671142578 0.212401017546654 0.196886479854584 0.201598152518272 0.492926955223083 0.528375625610352 0.436012864112854 0.471577495336533 0.513687789440155 0.593642055988312 0.55928111076355 0.456142038106918 0.270444989204407 0.364456385374069 0.494486302137375 0.246989816427231 0.0409914813935757 0.352421402931213 0.399900197982788 0.383192300796509 0.465752124786377 0.406059712171555 0.345236659049988 0.492442041635513 0.377930372953415 0.410906285047531 0.529017210006714 0.540405094623566 0.577412962913513 0.541418075561523 0.548064708709717 0.484011113643646 0.513250350952148 0.533847570419312 0.484297424554825 0.478205472230911 0.530807316303253
0.500333428382874 0.436827301979065 0.334970831871033 0.444688975811005 0.585232436656952 0.584896922111511 0.573814272880554 0.532660901546478 0.410122692584991 0.474426299333572 0.276120454072952 0.2908775806427 0.214527875185013 0.221354722976685 0.237500548362732 0.240118324756622 0.367964893579483 0.57977706193924 0.577415645122528 0.599687874317169 0.55181223154068 0.546396732330322 0.594028770923615 0.402668982744217 0.316981285810471 0.306145936250687 0.228222772479057 0.448678314685822 0.302480846643448 0.0360628701746464 0.310312509536743 0.471969068050385 0.540723860263824 0.497849732637405 0.414314359426498 0.466912686824799 0.443844527006149 0.278564810752869 0.312344551086426 0.429006218910217 0.416681468486786 0.490657597780228 0.47457417845726 0.441476672887802 0.449728608131409 0.486073791980743 0.512565910816193 0.481397420167923 0.4945427775383 0.472838044166565
0.554555833339691 0.554918527603149 0.419417232275009 0.485752493143082 0.557861864566803 0.549609422683716 0.554108679294586 0.570891082286835 0.525081217288971 0.532661736011505 0.47714751958847 0.417292505502701 0.371217578649521 0.327826291322708 0.380047976970673 0.230253055691719 0.31635656952858 0.496743977069855 0.602360725402832 0.577077567577362 0.578262388706207 0.503147661685944 0.530131578445435 0.422218233346939 0.524399518966675 0.430190175771713 0.345952421426773 0.532852232456207 0.526985347270966 0.349484086036682 0.413141667842865 0.539448916912079 0.51350474357605 0.533283531665802 0.508693873882294 0.453002214431763 0.548150897026062 0.525980472564697 0.432732045650482 0.417447775602341 0.414653331041336 0.45903667807579 0.472143620252609 0.49244350194931 0.516097486019135 0.53446102142334 0.477676659822464 0.476635456085205 0.472136110067368 0.477163344621658
0.496819168329239 0.528760850429535 0.415043622255325 0.49447962641716 0.580703616142273 0.582318782806396 0.557227969169617 0.579027116298676 0.579513967037201 0.591628909111023 0.542337954044342 0.599135100841522 0.452603042125702 0.542098224163055 0.552555441856384 0.499008506536484 0.419544905424118 0.459981679916382 0.548955023288727 0.55947732925415 0.420987486839294 0.447159737348557 0.541588246822357 0.566363394260406 0.498757600784302 0.520627379417419 0.482360363006592 0.475930750370026 0.567449629306793 0.554863452911377 0.272272139787674 0.148602783679962 0.472390353679657 0.530855178833008 0.518552243709564 0.486688613891602 0.485420107841492 0.531218767166138 0.443457692861557 0.453087866306305 0.423669546842575 0.524263978004456 0.487129360437393 0.540751695632935 0.534605622291565 0.521181583404541 0.514839231967926 0.564636826515198 0.478102505207062 0.550431132316589
0.544704139232635 0.614028871059418 0.510154724121094 0.59380304813385 0.610827386379242 0.589090585708618 0.576537609100342 0.583134710788727 0.569489896297455 0.577294707298279 0.579657673835754 0.508918702602386 0.479981660842896 0.536658585071564 0.555738985538483 0.546130836009979 0.534760475158691 0.531353116035461 0.577521502971649 0.603028237819672 0.580634415149689 0.420748144388199 0.507632672786713 0.483514815568924 0.449738532304764 0.526816606521606 0.506410002708435 0.536605656147003 0.52872222661972 0.490270465612411 0.226910278201103 0.0463565737009048 0.575304448604584 0.571974456310272 0.502513766288757 0.452617973089218 0.412959635257721 0.47785148024559 0.462497234344482 0.395624905824661 0.474376559257507 0.402810007333755 0.467120081186295 0.565837383270264 0.453890740871429 0.504643857479095 0.483520358800888 0.508353233337402 0.524953544139862 0.510193049907684
0.539257764816284 0.568921029567719 0.488622397184372 0.60323965549469 0.595020353794098 0.568251311779022 0.570365011692047 0.564091861248016 0.549616694450378 0.581517577171326 0.570264875888824 0.598741412162781 0.497911840677261 0.507394373416901 0.562372863292694 0.586651861667633 0.431004256010056 0.497051477432251 0.542644798755646 0.534096002578735 0.553266942501068 0.492199540138245 0.562226295471191 0.567810833454132 0.53122878074646 0.523698329925537 0.529666364192963 0.583877682685852 0.506715536117554 0.495792031288147 0.526630103588104 0.494523525238037 0.472592979669571 0.422486573457718 0.54160076379776 0.49719500541687 0.450810372829437 0.4966641664505 0.450311839580536 0.440911471843719 0.435785084962845 0.507976830005646 0.550768494606018 0.433148235082626 0.361068069934845 0.496923059225082 0.516941666603088 0.520616590976715 0.554770112037659 0.496450006961823
0.602536499500275 0.586679339408875 0.551539361476898 0.560889363288879 0.570994138717651 0.585456132888794 0.566267967224121 0.551113605499268 0.579792976379395 0.509062767028809 0.575211107730865 0.598207771778107 0.554554879665375 0.507648050785065 0.631179094314575 0.554987132549286 0.45402979850769 0.562051951885223 0.566720485687256 0.502423882484436 0.455274164676666 0.513078808784485 0.45918545126915 0.414540559053421 0.555363535881042 0.575776755809784 0.578495562076569 0.563549339771271 0.568343997001648 0.534670174121857 0.500400006771088 0.464468985795975 0.42178213596344 0.50593239068985 0.518731474876404 0.478862404823303 0.450232952833176 0.505730926990509 0.491882503032684 0.525238871574402 0.450936287641525 0.439162880182266 0.451024353504181 0.484040111303329 0.481631934642792 0.537481307983398 0.505712032318115 0.504048049449921 0.569796085357666 0.491452574729919
0.587516844272614 0.587830305099487 0.622338056564331 0.561799049377441 0.587825834751129 0.588425993919373 0.596455812454224 0.583067059516907 0.585635662078857 0.614146113395691 0.604942679405212 0.60223925113678 0.555868446826935 0.57356470823288 0.57559072971344 0.584418594837189 0.555197417736053 0.5949826836586 0.5213902592659 0.233396843075752 0.315695643424988 0.368848711252213 0.288973152637482 0.36222305893898 0.574333906173706 0.555293321609497 0.472196400165558 0.495255917310715 0.553086280822754 0.566374003887177 0.488157391548157 0.432708889245987 0.405092120170593 0.464452236890793 0.549837589263916 0.525030910968781 0.473773062229156 0.505337953567505 0.466343700885773 0.397895097732544 0.543074250221252 0.537263453006744 0.43194767832756 0.511240720748901 0.475838512182236 0.498944163322449 0.456314086914062 0.559317588806152 0.564539551734924 0.513878166675568
0.632778167724609 0.651386499404907 0.634842872619629 0.622646749019623 0.584714710712433 0.58917361497879 0.609011232852936 0.46517813205719 0.547853410243988 0.599986553192139 0.586645722389221 0.622825562953949 0.542968451976776 0.580769062042236 0.607582151889801 0.591423511505127 0.552231729030609 0.559279918670654 0.378652304410934 0.182056948542595 0.13636314868927 0.173174545168877 0.224846109747887 0.320152789354324 0.509332478046417 0.533555924892426 0.491091102361679 0.517663419246674 0.509161114692688 0.555496037006378 0.40622091293335 0.313604801893234 0.256937593221664 0.295701861381531 0.444099247455597 0.518114149570465 0.490525841712952 0.467116385698318 0.435803532600403 0.512088060379028 0.563823878765106 0.532759070396423 0.567562699317932 0.471953511238098 0.495210915803909 0.427726864814758 0.498023420572281 0.512235283851624 0.506550490856171 0.502984285354614
0.584267973899841 0.602458775043488 0.574112892150879 0.607684910297394 0.58479779958725 0.563778340816498 0.590336322784424 0.625733733177185 0.598070561885834 0.581804990768433 0.541952431201935 0.593953609466553 0.510366857051849 0.564050078392029 0.561446964740753 0.601661503314972 0.50943398475647 0.56085342168808 0.37527397274971 0.294057220220566 0.258860915899277 0.12991963326931 0.155005186796188 0.253629446029663 0.355972498655319 0.395122587680817 0.553679823875427 0.547475397586823 0.479820936918259 0.459956467151642 0.156810462474823 0.161699071526527 0.206660181283951 0.213796570897102 0.260419070720673 0.39486500620842 0.442880749702454 0.496859908103943 0.440906018018723 0.484005749225616 0.513095736503601 0.528830826282501 0.506434738636017 0.514441967010498 0.537911832332611 0.539783895015717 0.543952345848083 0.522948980331421 0.411151587963104 0.440978229045868
0.547674715518951 0.584413230419159 0.570715665817261 0.589370012283325 0.57299530506134 0.544762313365936 0.574872851371765 0.584069728851318 0.597586691379547 0.589728355407715 0.590451598167419 0.591625988483429 0.566456198692322 0.583623707294464 0.521927952766418 0.561869323253632 0.599782884120941 0.499425739049911 0.509907126426697 0.520077407360077 0.511197507381439 0.566150844097137 0.546523332595825 0.38158306479454 0.329951196908951 0.329355925321579 0.470129460096359 0.480941116809845 0.415951013565063 0.30355778336525 0.235959351062775 0.251620560884476 0.216570556163788 0.180719628930092 0.228702589869499 0.299772500991821 0.433218598365784 0.546891450881958 0.502737402915955 0.450476676225662 0.516410946846008 0.520020723342896 0.477801114320755 0.576142311096191 0.595552563667297 0.52487701177597 0.486931771039963 0.459022223949432 0.506577789783478 0.448316931724548
0.558184087276459 0.595375657081604 0.581920444965363 0.624579548835754 0.608654737472534 0.580082774162292 0.576298236846924 0.607226192951202 0.623319566249847 0.60308426618576 0.602895259857178 0.561430215835571 0.53965425491333 0.587839066982269 0.581111192703247 0.316536098718643 0.209623426198959 0.496799439191818 0.42333796620369 0.32280695438385 0.469862967729568 0.526429235935211 0.502609193325043 0.407687038183212 0.530250668525696 0.515009462833405 0.55950516462326 0.574098408222198 0.476782143115997 0.404867142438889 0.290930181741714 0.2713623046875 0.275620937347412 0.313711285591125 0.427776396274567 0.464610755443573 0.435332596302032 0.561623215675354 0.450843811035156 0.507137417793274 0.51002824306488 0.510914266109467 0.446576118469238 0.476582497358322 0.419691473245621 0.365431576967239 0.376416027545929 0.361733615398407 0.523965656757355 0.421977043151855
0.611322939395905 0.546667993068695 0.589109420776367 0.578770756721497 0.601654469966888 0.607248544692993 0.610074698925018 0.582017481327057 0.579995572566986 0.586048603057861 0.584802865982056 0.538714170455933 0.599742472171783 0.55530446767807 0.538547933101654 0.313092142343521 0.448605090379715 0.317266196012497 0.281464457511902 0.461129069328308 0.533636271953583 0.540664076805115 0.559965550899506 0.465695917606354 0.417582958936691 0.529793798923492 0.531452119350433 0.470886766910553 0.513409793376923 0.398680359125137 0.380923718214035 0.332062393426895 0.451265543699265 0.485180199146271 0.526421368122101 0.538567960262299 0.584358334541321 0.551511108875275 0.492787420749664 0.489531576633453 0.540303230285645 0.421226739883423 0.328406482934952 0.3459632396698 0.403009355068207 0.415072858333588 0.414575278759003 0.560286581516266 0.568694651126862 0.503086507320404
0.619681656360626 0.63048905134201 0.578811824321747 0.606133162975311 0.561389088630676 0.567118346691132 0.526652991771698 0.576463878154755 0.595567286014557 0.580223977565765 0.582237005233765 0.583765268325806 0.605754256248474 0.435552418231964 0.519384622573853 0.464187502861023 0.575622320175171 0.410218238830566 0.495188236236572 0.580823242664337 0.570432126522064 0.57857084274292 0.598976671695709 0.570505559444427 0.531429052352905 0.527775824069977 0.542272686958313 0.503044605255127 0.554390728473663 0.472265273332596 0.463546931743622 0.414352685213089 0.511880099773407 0.525047898292542 0.441707491874695 0.526049792766571 0.485703706741333 0.517714977264404 0.544696092605591 0.56678831577301 0.416267961263657 0.418830662965775 0.414314270019531 0.506678640842438 0.529261112213135 0.494755655527115 0.524583518505096 0.580628216266632 0.542604982852936 0.377419352531433
0.572462856769562 0.624617040157318 0.58513331413269 0.614327013492584 0.605460643768311 0.583373486995697 0.572217583656311 0.546013176441193 0.57789546251297 0.553032338619232 0.570750713348389 0.581510663032532 0.581301212310791 0.557958543300629 0.540124714374542 0.530402958393097 0.506831645965576 0.554349541664124 0.440652042627335 0.550342500209808 0.569234371185303 0.590205013751984 0.563956737518311 0.544125080108643 0.512537598609924 0.544100940227509 0.517397880554199 0.507252037525177 0.493798345327377 0.510180473327637 0.45493620634079 0.348421663045883 0.301657229661942 0.385458707809448 0.365830361843109 0.349848419427872 0.537536382675171 0.498869806528091 0.470889449119568 0.561179995536804 0.533830285072327 0.448356837034225 0.345945179462433 0.488840728998184 0.56406158208847 0.531724154949188 0.570869147777557 0.525641024112701 0.507451295852661 0.355033248662949
0.601366758346558 0.624248683452606 0.615802049636841 0.639493823051453 0.612703680992126 0.542887687683105 0.56630951166153 0.559354245662689 0.508261024951935 0.579661309719086 0.581161677837372 0.533995807170868 0.544075727462769 0.516623139381409 0.53423798084259 0.534665763378143 0.463538318872452 0.528428077697754 0.540576636791229 0.55464118719101 0.542120575904846 0.562719345092773 0.524347960948944 0.52498722076416 0.546689689159393 0.546619713306427 0.529867947101593 0.494352787733078 0.51874715089798 0.405446112155914 0.461771309375763 0.502356469631195 0.342655271291733 0.360301285982132 0.327692866325378 0.41071954369545 0.508741557598114 0.516701221466064 0.45372211933136 0.542636036872864 0.473730832338333 0.500639796257019 0.291437208652496 0.316827207803726 0.502839803695679 0.478287309408188 0.532372236251831 0.406575560569763 0.412785738706589 0.479518502950668
0.640723168849945 0.620424449443817 0.606168329715729 0.603747963905334 0.578575015068054 0.405723243951797 0.568522334098816 0.532245755195618 0.56464159488678 0.562525749206543 0.551309049129486 0.502507984638214 0.558827698230743 0.52156400680542 0.548519372940063 0.488863795995712 0.318398714065552 0.484228163957596 0.532346129417419 0.55387407541275 0.532131135463715 0.573729336261749 0.544060349464417 0.525555849075317 0.45717054605484 0.477869153022766 0.493611305952072 0.529454350471497 0.579797565937042 0.471257120370865 0.451541751623154 0.438916772603989 0.446812301874161 0.447723984718323 0.444065451622009 0.469588607549667 0.531968235969543 0.490196943283081 0.528248071670532 0.487828254699707 0.478807866573334 0.488171488046646 0.436601102352142 0.388832956552505 0.530340373516083 0.567120254039764 0.509602606296539 0.36550834774971 0.461058348417282 0.539408326148987
0.593165278434753 0.587874412536621 0.584995925426483 0.591843128204346 0.33038341999054 0.368774920701981 0.491055101156235 0.552068769931793 0.570155560970306 0.533249795436859 0.356872320175171 0.114501945674419 0.437504082918167 0.506982386112213 0.502293169498444 0.457812041044235 0.341018229722977 0.562088310718536 0.551330387592316 0.514374256134033 0.486684083938599 0.575128614902496 0.529608428478241 0.496485263109207 0.448822766542435 0.515661001205444 0.481931954622269 0.514258921146393 0.528405368328094 0.493341773748398 0.345465362071991 0.42195537686348 0.455187499523163 0.342027306556702 0.418911099433899 0.468893527984619 0.472134619951248 0.434035658836365 0.531692564487457 0.542305529117584 0.537385284900665 0.4748255610466 0.535449087619781 0.518105745315552 0.455077588558197 0.540474355220795 0.549491107463837 0.450055658817291 0.529148638248444 0.527860820293427
0.576603055000305 0.580192863941193 0.365271389484406 0.296436190605164 0.216999530792236 0.278517127037048 0.439392864704132 0.572359979152679 0.543115556240082 0.386640548706055 0.151142135262489 0.0465114824473858 0.304339349269867 0.22502675652504 0.305260181427002 0.481339633464813 0.447714358568192 0.572582483291626 0.575939178466797 0.585308134555817 0.52880984544754 0.527435719966888 0.512062609195709 0.49349981546402 0.512907028198242 0.54799896478653 0.416106671094894 0.518965005874634 0.487185657024384 0.551693975925446 0.512380361557007 0.483266860246658 0.430849254131317 0.394581288099289 0.468556582927704 0.4360710978508 0.475091576576233 0.484685182571411 0.431681752204895 0.439050823450089 0.48357304930687 0.501516282558441 0.519764721393585 0.559281408786774 0.515743970870972 0.517172694206238 0.534909784793854 0.536847472190857 0.493810564279556 0.490764737129211
0.588039636611938 0.545495390892029 0.352496862411499 0.249639540910721 0.147351026535034 0.199711844325066 0.421820372343063 0.532290458679199 0.402537673711777 0.256954997777939 0.00748277781531215 0.172898605465889 0.36362498998642 0.119869261980057 0.354807496070862 0.553924441337585 0.554022669792175 0.510728180408478 0.559301376342773 0.585214555263519 0.424424171447754 0.403940558433533 0.322129637002945 0.519335627555847 0.517635464668274 0.564673960208893 0.50812816619873 0.4929159283638 0.494552671909332 0.545714437961578 0.483048975467682 0.543276846408844 0.529946386814117 0.492370635271072 0.473041564226151 0.476685732603073 0.486608147621155 0.45049175620079 0.436420291662216 0.48197740316391 0.402001589536667 0.510776579380035 0.52640163898468 0.464626401662827 0.508262753486633 0.566634058952332 0.468496471643448 0.469889730215073 0.495498985052109 0.394931197166443
0.591433346271515 0.602082967758179 0.464024722576141 0.33160787820816 0.290784806013107 0.271100103855133 0.225628703832626 0.390428423881531 0.416626125574112 0.183587223291397 0.110015831887722 0.330566197633743 0.459605932235718 0.320752769708633 0.407954633235931 0.553011775016785 0.573960363864899 0.534150004386902 0.507299840450287 0.560717344284058 0.268339067697525 0.22302083671093 0.391127675771713 0.509759604930878 0.560617685317993 0.547333300113678 0.544955849647522 0.539705097675323 0.524218499660492 0.544316291809082 0.568666100502014 0.353434532880783 0.386208057403564 0.495565742254257 0.522835373878479 0.538392305374146 0.526741743087769 0.465195566415787 0.467029631137848 0.382670372724533 0.50564581155777 0.538305461406708 0.558873355388641 0.436025738716125 0.533196687698364 0.553862690925598 0.519542574882507 0.506093859672546 0.482231467962265 0.487053155899048
0.505179166793823 0.346013069152832 0.439086556434631 0.587322115898132 0.509585618972778 0.341880738735199 0.401152312755585 0.466308802366257 0.526619255542755 0.325716108083725 0.0963566675782204 0.333774089813232 0.490391284227371 0.524590909481049 0.440491765737534 0.456730365753174 0.566758871078491 0.56410026550293 0.489569991827011 0.566990196704865 0.524294078350067 0.497774451971054 0.533875286579132 0.529215812683105 0.492521375417709 0.509473860263824 0.549062013626099 0.551790654659271 0.545059084892273 0.534798443317413 0.471167325973511 0.304561197757721 0.297905653715134 0.519533634185791 0.580437242984772 0.358695477247238 0.479627311229706 0.493620753288269 0.489285469055176 0.469045728445053 0.504032135009766 0.541411638259888 0.51192432641983 0.501182973384857 0.54047304391861 0.495271772146225 0.345077037811279 0.341431945562363 0.43894425034523 0.433147400617599
