pkg/usdm/inst/external/LST_season4.asc
NCOLS 279 
NROWS 320 
XLLCORNER 523900.453205175 
YLLCORNER 5622610.68929959 
CELLSIZE 1000 
NODATA_value -3.4e+38 
[rows 138 to 160 of 320, columns 204 to 254 of 279]
251.194595336914 250.683135986328 249.958389282227 256.951507568359 257.342315673828 257.829895019531 252.770004272461 247.159896850586 255.501480102539 251.100692749023 246.016830444336 243.937622070312 244.012420654297 252.727340698242 248.092422485352 245.85871887207 250.924606323242 246.645263671875 251.18620300293 250.536682128906 252.452133178711 250.136642456055 250.214218139648 244.553817749023 247.28759765625 244.828430175781 242.502136230469 245.440536499023 245.598983764648 238.611068725586 243.04655456543 245.20588684082 245.169647216797 247.6572265625 247.797637939453 250.084762573242 250.098770141602 245.699722290039 248.250839233398 248.066192626953 245.56852722168 245.362686157227 243.025161743164 250.481643676758 248.240264892578 236.218414306641 243.665191650391 240.688720703125 -3.4e+38 -3.4e+38 -3.4e+38
248.783813476562 247.744613647461 247.630065917969 254.581726074219 254.428985595703 254.8017578125 252.492874145508 245.336410522461 247.735412597656 245.985244750977 243.825592041016 246.711364746094 244.148651123047 250.302307128906 253.014724731445 248.458908081055 248.438613891602 244.08659362793 246.127639770508 245.066970825195 242.100326538086 242.103164672852 247.148971557617 249.500885009766 247.191482543945 244.927017211914 242.62370300293 245.607299804688 245.592803955078 242.747970581055 247.557022094727 242.495178222656 240.149520874023 240.112274169922 242.47883605957 242.446899414062 247.788131713867 245.566162109375 246.004577636719 241.29182434082 241.590270996094 243.60466003418 243.135025024414 239.067794799805 243.739334106445 239.250625610352 241.394180297852 243.669555664062 -3.4e+38 -3.4e+38 -3.4e+38
248.25016784668 245.458618164062 247.685333251953 249.47624206543 252.010772705078 254.757690429688 252.518325805664 248.006072998047 248.120361328125 243.338455200195 248.883361816406 252.179565429688 251.460739135742 245.517517089844 250.77116394043 246.141296386719 248.48616027832 245.755645751953 243.550689697266 242.803466796875 240.443618774414 245.144393920898 242.340133666992 247.325286865234 250.245407104492 250.024597167969 240.414093017578 242.834716796875 248.188217163086 247.826385498047 242.375076293945 247.515274047852 242.952651977539 234.950973510742 237.182586669922 240.009201049805 240.194229125977 235.264953613281 240.417617797852 246.345993041992 239.327239990234 236.748916625977 236.238708496094 236.787002563477 239.096832275391 236.896087646484 239.184661865234 -3.4e+38 -3.4e+38 -3.4e+38 -3.4e+38
248.710968017578 248.741882324219 251.038162231445 250.604385375977 254.640838623047 249.514404296875 245.030990600586 247.95149230957 248.159851074219 243.318176269531 251.355773925781 248.681793212891 248.739059448242 248.042861938477 250.445739746094 245.685302734375 248.054885864258 250.749465942383 243.501235961914 235.548126220703 240.912353515625 245.307113647461 247.848556518555 248.529373168945 253.140350341797 247.261932373047 250.109024047852 248.272750854492 248.309051513672 245.268768310547 247.201629638672 245.370361328125 245.267929077148 242.481399536133 242.427185058594 237.548873901367 235.279266357422 235.25895690918 240.685501098633 240.810531616211 233.69580078125 235.670043945312 239.147399902344 236.614486694336 234.378189086914 236.800888061523 236.891235351562 -3.4e+38 -3.4e+38 -3.4e+38 -3.4e+38
248.782257080078 250.863693237305 253.261047363281 251.033020019531 252.960433959961 247.113250732422 246.619979858398 250.323379516602 255.283630371094 243.330688476562 248.520080566406 248.4443359375 250.329711914062 245.147888183594 245.449203491211 243.117370605469 247.992370605469 247.949859619141 240.105056762695 237.774459838867 245.816207885742 245.828018188477 243.462661743164 250.689239501953 252.824295043945 249.477828979492 247.947998046875 250.826736450195 255.048843383789 250.515747070312 250.741195678711 248.426284790039 240.586013793945 244.874389648438 237.577255249023 237.562225341797 241.907272338867 239.631881713867 235.10498046875 235.407470703125 240.894958496094 238.489456176758 238.508941650391 233.644500732422 233.602340698242 230.896453857422 230.938507080078 -3.4e+38 -3.4e+38 -3.4e+38 -3.4e+38
246.658752441406 251.158752441406 253.446838378906 255.649230957031 253.250457763672 250.259124755859 247.3056640625 246.742370605469 250.41633605957 246.065902709961 253.39973449707 253.344589233398 253.391738891602 250.755828857422 245.463302612305 240.561676025391 243.625411987305 240.928131103516 243.570571899414 242.723342895508 240.424362182617 243.405517578125 240.712371826172 245.667770385742 248.281936645508 250.557067871094 245.402267456055 250.299728393555 250.474563598633 253.057632446289 253.31867980957 248.679260253906 238.611663818359 243.076995849609 238.115646362305 234.953048706055 237.177169799805 235.011962890625 234.955764770508 235.528549194336 235.468994140625 232.898345947266 232.924850463867 232.91911315918 235.982238769531 238.84733581543 236.3076171875 -3.4e+38 -3.4e+38 -3.4e+38 -3.4e+38
246.69645690918 251.472137451172 251.333847045898 252.565444946289 250.363067626953 249.585708618164 242.390991210938 243.032318115234 250.318939208984 247.599304199219 250.572662353516 255.555435180664 255.746932983398 251.250473022461 248.123092651367 245.392654418945 243.534530639648 241.342727661133 243.54069519043 240.484222412109 240.457641601562 245.722549438477 245.236099243164 247.854629516602 253.267761230469 245.28547668457 243.037002563477 250.235900878906 250.488784790039 253.180282592773 246.664489746094 244.469970703125 243.55827331543 243.129989624023 242.806259155273 240.27946472168 240.176376342773 240.309204101562 235.411514282227 237.604415893555 232.552169799805 230.608413696289 237.975677490234 241.343978881836 241.455368041992 241.623901367188 248.989944458008 244.431777954102 -3.4e+38 -3.4e+38 -3.4e+38
248.322662353516 253.670883178711 251.66633605957 251.500747680664 245.626083374023 250.26725769043 244.917831420898 247.620635986328 253.295043945312 243.614349365234 249.96647644043 253.281234741211 255.718841552734 248.064102172852 245.787185668945 245.771987915039 241.211074829102 243.544006347656 243.525543212891 243.513977050781 240.480743408203 242.710250854492 247.6611328125 244.960205078125 247.548645019531 245.465362548828 245.50505065918 250.564559936523 248.556442260742 246.127563476562 246.723937988281 243.929916381836 241.623809814453 246.615661621094 248.959259033203 246.397979736328 243.11979675293 246.014526367188 245.933517456055 243.586898803711 241.284942626953 241.847351074219 246.385162353516 244.238265991211 244.282608032227 248.969787597656 253.615524291992 246.736907958984 243.873672485352 -3.4e+38 -3.4e+38
245.793151855469 238.285766601562 246.585342407227 244.406448364258 251.05632019043 253.242782592773 247.787796020508 245.590530395508 251.117156982422 249.470031738281 246.203521728516 253.389190673828 248.435150146484 245.28173828125 243.00244140625 243.078155517578 240.799896240234 238.445892333984 240.816436767578 243.511489868164 242.785720825195 240.457214355469 247.702941894531 250.428100585938 247.148345947266 250.630325317383 248.378875732422 250.681060791016 248.742614746094 246.384658813477 246.523864746094 244.117233276367 241.935913085938 244.673919677734 246.613174438477 244.261093139648 244.258590698242 244.189605712891 246.381713867188 246.287216186523 248.584594726562 243.968353271484 246.376342773438 241.912048339844 244.159973144531 244.282073974609 246.539932250977 246.643692016602 249.087249755859 251.098617553711 -3.4e+38
244.674011230469 242.628616333008 245.888000488281 242.756927490234 250.45849609375 253.261428833008 250.456192016602 246.103500366211 246.654220581055 246.869964599609 253.944000244141 246.107986450195 251.251037597656 248.490234375 248.426132202148 245.858108520508 240.84130859375 243.094146728516 243.006576538086 243.017074584961 245.363861083984 242.082885742188 242.458480834961 242.435211181641 247.497940063477 247.512451171875 242.564849853516 250.547790527344 250.719268798828 246.288604736328 249.248626708984 246.9501953125 246.553802490234 246.916656494141 244.428558349609 244.251037597656 239.539428710938 244.283828735352 246.482025146484 241.931488037109 248.634674072266 248.575378417969 246.41242980957 239.558120727539 241.849655151367 244.137802124023 248.722747802734 248.847244262695 248.990921020508 -3.4e+38 -3.4e+38
250.497573852539 250.156387329102 253.141693115234 253.536972045898 239.793716430664 244.843338012695 245.301742553711 248.690887451172 248.109588623047 250.784362792969 253.865112304688 255.683502197266 255.62744140625 252.764205932617 255.42350769043 257.796783447266 255.110977172852 247.628494262695 245.251937866211 245.278289794922 242.350479125977 242.220718383789 239.65885925293 244.649078369141 252.63655090332 252.641265869141 247.464477539062 249.815643310547 245.56819152832 248.275314331055 248.274398803711 248.908905029297 246.423980712891 241.822799682617 241.795333862305 236.753997802734 234.363433837891 242.188995361328 244.75520324707 244.595947265625 248.865249633789 250.846664428711 244.248992919922 244.319671630859 -3.4e+38 -3.4e+38 -3.4e+38 -3.4e+38 -3.4e+38 -3.4e+38 -3.4e+38
250.498428344727 252.79460144043 253.299728393555 250.709320068359 245.441070556641 247.567611694336 245.15544128418 248.162658691406 249.884460449219 247.513061523438 253.947723388672 250.623199462891 253.336120605469 252.718505859375 254.943923950195 254.903076171875 252.802780151367 250.134704589844 249.824691772461 250.388442993164 252.102569580078 252.129043579102 244.734634399414 247.164031982422 245.397521972656 247.673294067383 250.283889770508 245.797302246094 242.962829589844 242.743225097656 245.630844116211 248.488189697266 245.78288269043 238.40559387207 248.735229492188 244.516159057617 242.444869995117 247.011047363281 244.572601318359 249.391632080078 246.929321289062 244.403228759766 243.747604370117 246.593078613281 -3.4e+38 -3.4e+38 -3.4e+38 -3.4e+38 -3.4e+38 -3.4e+38 -3.4e+38
252.649826049805 260.427154541016 258.180328369141 248.24446105957 242.700576782227 237.520736694336 247.513092041016 255.5068359375 250.348052978516 245.203125 245.748397827148 247.890350341797 250.614028930664 248.289489746094 255.147048950195 257.416473388672 254.970367431641 254.231307983398 249.274673461914 245.136291503906 249.858627319336 250.404968261719 247.668746948242 250.04621887207 244.942581176758 247.678771972656 247.616348266602 238.062393188477 240.194396972656 245.402084350586 240.735763549805 243.233734130859 243.012115478516 243.078979492188 243.224853515625 249.607116699219 246.975494384766 246.874542236328 242.266708374023 248.861358642578 251.412170410156 244.369583129883 242.011856079102 244.251892089844 -3.4e+38 -3.4e+38 -3.4e+38 -3.4e+38 -3.4e+38 -3.4e+38 -3.4e+38
254.906372070312 255.334747314453 258.140777587891 253.478927612305 248.315811157227 244.550170898438 245.168426513672 250.743865966797 248.425796508789 245.29541015625 245.721130371094 242.874465942383 245.564468383789 245.729583740234 250.738677978516 242.294235229492 244.540130615234 248.854431152344 254.809814453125 252.530731201172 252.596267700195 252.25505065918 249.462371826172 249.559829711914 247.336929321289 247.423965454102 247.87467956543 248.364776611328 240.220886230469 240.365264892578 240.808792114258 240.53874206543 240.587661743164 244.078750610352 251.549468994141 254.094985961914 254.220779418945 254.225402832031 254.012893676758 246.495529174805 250.480453491211 246.633010864258 239.743118286133 244.152114868164 -3.4e+38 -3.4e+38 -3.4e+38 -3.4e+38 -3.4e+38 -3.4e+38 -3.4e+38
245.43196105957 253.090530395508 251.094711303711 253.767364501953 253.754623413086 253.289245605469 253.45768737793 245.211303710938 245.361145019531 244.846313476562 245.443786621094 240.777938842773 248.363265991211 247.96452331543 237.918655395508 240.055801391602 244.645233154297 244.427825927734 250.510772705078 250.368988037109 250.313293457031 249.960311889648 247.305877685547 245.031204223633 238.287460327148 240.527572631836 243.263305664062 243.714370727539 243.033401489258 243.000869750977 240.744186401367 240.378128051758 240.469787597656 251.106323242188 255.894683837891 256.107940673828 254.080032348633 253.990844726562 251.019607543945 245.806671142578 250.542007446289 243.687805175781 236.324508666992 -3.4e+38 -3.4e+38 -3.4e+38 -3.4e+38 -3.4e+38 -3.4e+38 -3.4e+38 -3.4e+38
253.521194458008 248.82209777832 243.716567993164 251.500625610352 251.50764465332 251.511459350586 248.834533691406 245.824020385742 245.353851318359 245.364715576172 245.427764892578 237.925903320312 240.165954589844 242.725128173828 243.308731079102 243.352478027344 240.33186340332 242.837921142578 245.10139465332 252.358489990234 241.965057373047 244.213241577148 244.908081054688 241.97607421875 240.322235107422 243.080261230469 245.892730712891 243.144104003906 245.927200317383 248.186172485352 243.048324584961 246.214706420898 248.529830932617 253.340087890625 251.096145629883 251.102935791016 251.328262329102 251.436218261719 250.790939331055 245.03645324707 245.474182128906 239.247421264648 237.27473449707 -3.4e+38 -3.4e+38 -3.4e+38 -3.4e+38 -3.4e+38 -3.4e+38 -3.4e+38 -3.4e+38
253.412796020508 243.783279418945 243.207321166992 245.932708740234 248.705017089844 247.057601928711 249.463531494141 248.496932983398 240.726181030273 245.738830566406 238.379043579102 238.119262695312 240.394104003906 245.273513793945 247.994750976562 243.391616821289 242.759506225586 242.308578491211 248.000213623047 243.072784423828 244.902130126953 244.767959594727 243.017150878906 238.617919921875 243.172393798828 243.577270507812 246.393920898438 243.853073120117 248.687683105469 250.734252929688 248.448211669922 243.869262695312 251.263473510742 251.107925415039 251.098388671875 248.879516601562 251.15104675293 248.255325317383 252.752380371094 -3.4e+38 -3.4e+38 -3.4e+38 -3.4e+38 -3.4e+38 -3.4e+38 -3.4e+38 -3.4e+38 -3.4e+38 -3.4e+38 -3.4e+38 -3.4e+38
255.77033996582 251.232376098633 246.156311035156 243.839508056641 243.760223388672 246.234924316406 248.414749145508 248.455337524414 248.585754394531 246.394943237305 238.630493164062 235.8583984375 238.139770507812 240.76936340332 243.497634887695 243.487838745117 242.719161987305 245.301651000977 248.027114868164 243.533096313477 244.785980224609 245.190567016602 242.932998657227 238.531311035156 245.338989257812 248.121932983398 253.363967895508 246.214004516602 253.291732788086 253.255783081055 255.790374755859 251.073532104492 245.942993164062 253.31819152832 248.723815917969 248.828048706055 251.084335327148 248.472045898438 253.090560913086 -3.4e+38 -3.4e+38 -3.4e+38 -3.4e+38 -3.4e+38 -3.4e+38 -3.4e+38 -3.4e+38 -3.4e+38 -3.4e+38 -3.4e+38 -3.4e+38
251.096664428711 248.795700073242 245.988845825195 245.510925292969 245.928604125977 248.381225585938 252.902633666992 255.671600341797 255.845031738281 253.073822021484 248.590087890625 243.564041137695 240.897125244141 243.041580200195 243.073165893555 245.835784912109 242.306442260742 247.598342895508 247.960052490234 245.537307739258 242.618225097656 235.25 240.240371704102 240.252151489258 242.561508178711 240.36213684082 245.541061401367 240.465362548828 248.6767578125 251.223007202148 250.874938964844 250.146820068359 247.860229492188 248.152038574219 246.007919311523 246.189392089844 246.593963623047 246.242126464844 -3.4e+38 -3.4e+38 -3.4e+38 -3.4e+38 -3.4e+38 -3.4e+38 -3.4e+38 -3.4e+38 -3.4e+38 -3.4e+38 -3.4e+38 -3.4e+38 -3.4e+38
253.317352294922 251.043548583984 248.728729248047 243.25666809082 240.992797851562 255.231170654297 250.237152099609 252.930770874023 252.931381225586 255.304809570312 253.117492675781 243.997009277344 248.089416503906 250.276290893555 245.75715637207 245.107955932617 242.419326782227 249.838897705078 247.917236328125 247.881195068359 250.030410766602 242.164825439453 239.886764526367 242.332733154297 245.20051574707 247.58544921875 247.495468139648 245.434051513672 248.250473022461 243.717391967773 248.380340576172 248.292129516602 250.200729370117 250.107406616211 248.36604309082 248.440887451172 246.642517089844 246.368896484375 -3.4e+38 -3.4e+38 -3.4e+38 -3.4e+38 -3.4e+38 -3.4e+38 -3.4e+38 -3.4e+38 -3.4e+38 -3.4e+38 -3.4e+38 -3.4e+38 -3.4e+38
250.993209838867 253.871032714844 248.835571289062 246.16259765625 248.402542114258 250.073715209961 250.107666015625 250.177871704102 250.61181640625 253.000366210938 250.759429931641 250.68684387207 247.422729492188 255.182403564453 253.025405883789 250.393585205078 241.888656616211 250.107055664062 244.520904541016 245.026351928711 245.031311035156 244.530990600586 238.612716674805 246.888732910156 249.815185546875 249.844100952148 247.171127319336 242.681976318359 247.673309326172 245.702758789062 248.689743041992 248.032501220703 252.849197387695 250.093231201172 250.568588256836 250.576797485352 252.953323364258 250.671630859375 -3.4e+38 -3.4e+38 -3.4e+38 -3.4e+38 -3.4e+38 -3.4e+38 -3.4e+38 -3.4e+38 -3.4e+38 -3.4e+38 -3.4e+38 -3.4e+38 -3.4e+38
243.934326171875 246.841903686523 243.749389648438 241.227020263672 247.869964599609 245.087768554688 247.417007446289 242.774551391602 252.964767456055 253.279647827148 255.731292724609 250.869857788086 250.830459594727 252.786224365234 253.587738037109 250.294387817383 239.646667480469 239.483367919922 242.332336425781 234.911804199219 242.197830200195 241.365020751953 241.631881713867 244.549942016602 249.539489746094 241.427810668945 241.629409790039 244.999420166016 245.087066650391 249.619079589844 250.747802734375 247.779647827148 250.334335327148 245.213806152344 242.940414428711 252.548431396484 255.232559204102 248.339370727539 -3.4e+38 -3.4e+38 -3.4e+38 -3.4e+38 -3.4e+38 -3.4e+38 -3.4e+38 -3.4e+38 -3.4e+38 -3.4e+38 -3.4e+38 -3.4e+38 -3.4e+38
236.550491333008 239.472579956055 243.901214599609 246.252517700195 243.218246459961 242.883392333984 242.930465698242 246.060897827148 255.744171142578 253.40576171875 253.490875244141 250.909698486328 251.52180480957 255.942611694336 255.957168579102 247.757934570312 253.054458618164 242.096313476562 239.629364013672 240.084976196289 243.493545532227 245.489212036133 244.820373535156 244.773345947266 246.669387817383 247.100982666016 247.088394165039 244.455551147461 246.755035400391 252.31494140625 245.6376953125 242.978500366211 252.989639282227 250.631698608398 245.725067138672 245.790740966797 255.286087036133 -3.4e+38 -3.4e+38 -3.4e+38 -3.4e+38 -3.4e+38 -3.4e+38 -3.4e+38 -3.4e+38 -3.4e+38 -3.4e+38 -3.4e+38 -3.4e+38 -3.4e+38 -3.4e+38
