pkg/usdm/inst/external/LST_season4.asc
NCOLS 279 
NROWS 320 
XLLCORNER 523900.453205175 
YLLCORNER 5622610.68929959 
CELLSIZE 1000 
NODATA_value -3.4e+38 
[rows 115 to 137 of 320, columns 204 to 254 of 279]
243.321716308594 243.208786010742 243.16828918457 249.01530456543 253.421035766602 250.726715087891 247.759689331055 245.408218383789 247.74690246582 249.359680175781 247.185836791992 244.779571533203 249.704727172852 252.117614746094 249.933197021484 250.086547851562 242.577255249023 242.674301147461 245.451187133789 247.765167236328 253.382568359375 250.562072753906 247.571563720703 -3.4e+38 -3.4e+38 -3.4e+38 -3.4e+38 -3.4e+38 -3.4e+38 -3.4e+38 -3.4e+38 -3.4e+38 -3.4e+38 -3.4e+38 -3.4e+38 -3.4e+38 -3.4e+38 -3.4e+38 -3.4e+38 -3.4e+38 -3.4e+38 -3.4e+38 -3.4e+38 -3.4e+38 -3.4e+38 -3.4e+38 -3.4e+38 -3.4e+38 -3.4e+38 -3.4e+38 -3.4e+38
251.057144165039 243.152130126953 243.273422241211 245.756942749023 249.983352661133 252.804672241211 250.052139282227 249.980697631836 245.492446899414 247.786422729492 247.824813842773 247.658874511719 247.587478637695 245.277908325195 250.033325195312 245.330108642578 250.514556884766 250.359527587891 250.212203979492 247.9267578125 250.863464355469 252.739135742188 250.053649902344 249.880462646484 -3.4e+38 -3.4e+38 -3.4e+38 -3.4e+38 -3.4e+38 -3.4e+38 -3.4e+38 -3.4e+38 -3.4e+38 -3.4e+38 -3.4e+38 -3.4e+38 -3.4e+38 -3.4e+38 -3.4e+38 -3.4e+38 -3.4e+38 -3.4e+38 -3.4e+38 -3.4e+38 -3.4e+38 -3.4e+38 -3.4e+38 -3.4e+38 -3.4e+38 -3.4e+38 -3.4e+38
247.998199462891 245.308547973633 248.233062744141 251.082336425781 253.219589233398 252.915481567383 252.87223815918 247.068695068359 254.843322753906 252.639663696289 250.431869506836 245.314086914062 245.353805541992 245.369125366211 243.195739746094 247.7001953125 247.784378051758 247.777908325195 248.033905029297 247.9453125 245.690689086914 245.438247680664 245.461578369141 250.481704711914 -3.4e+38 -3.4e+38 -3.4e+38 -3.4e+38 -3.4e+38 -3.4e+38 -3.4e+38 -3.4e+38 -3.4e+38 -3.4e+38 -3.4e+38 -3.4e+38 -3.4e+38 -3.4e+38 -3.4e+38 -3.4e+38 -3.4e+38 -3.4e+38 -3.4e+38 -3.4e+38 -3.4e+38 -3.4e+38 -3.4e+38 -3.4e+38 -3.4e+38 -3.4e+38 -3.4e+38
244.887298583984 239.994384765625 252.978240966797 253.187698364258 250.779663085938 245.511444091797 240.679885864258 242.838165283203 245.0263671875 245.041137695312 247.880477905273 247.998077392578 245.188171386719 239.542755126953 247.419052124023 249.94905090332 247.880340576172 250.278732299805 250.315353393555 247.443252563477 246.977310180664 249.989852905273 247.600662231445 242.367218017578 -3.4e+38 -3.4e+38 -3.4e+38 -3.4e+38 -3.4e+38 -3.4e+38 -3.4e+38 -3.4e+38 -3.4e+38 -3.4e+38 -3.4e+38 -3.4e+38 -3.4e+38 -3.4e+38 -3.4e+38 -3.4e+38 -3.4e+38 -3.4e+38 -3.4e+38 -3.4e+38 -3.4e+38 -3.4e+38 -3.4e+38 -3.4e+38 -3.4e+38 -3.4e+38 -3.4e+38
247.682983398438 245.080322265625 247.682464599609 245.468399047852 245.285140991211 244.732360839844 245.207565307617 247.816757202148 247.825485229492 242.066299438477 245.121795654297 247.740219116211 247.848068237305 250.715835571289 250.243774414062 244.991134643555 252.471786499023 254.740127563477 252.436859130859 252.319107055664 246.424133300781 249.639419555664 247.346862792969 247.405410766602 -3.4e+38 -3.4e+38 -3.4e+38 -3.4e+38 -3.4e+38 -3.4e+38 -3.4e+38 -3.4e+38 -3.4e+38 -3.4e+38 -3.4e+38 -3.4e+38 -3.4e+38 -3.4e+38 -3.4e+38 -3.4e+38 -3.4e+38 -3.4e+38 -3.4e+38 -3.4e+38 -3.4e+38 -3.4e+38 -3.4e+38 -3.4e+38 -3.4e+38 -3.4e+38 -3.4e+38
240.927932739258 245.237121582031 247.508392333984 250.341659545898 247.445465087891 250.244979858398 249.7919921875 250.042694091797 247.711898803711 250.22819519043 245.765121459961 248.240768432617 252.921325683594 253.814270019531 250.747863769531 247.743362426758 250.176345825195 250.100967407227 249.858581542969 252.22119140625 251.694152832031 246.472457885742 247.063690185547 249.772766113281 -3.4e+38 -3.4e+38 -3.4e+38 -3.4e+38 -3.4e+38 -3.4e+38 -3.4e+38 -3.4e+38 -3.4e+38 -3.4e+38 -3.4e+38 -3.4e+38 -3.4e+38 -3.4e+38 -3.4e+38 -3.4e+38 -3.4e+38 -3.4e+38 -3.4e+38 -3.4e+38 -3.4e+38 -3.4e+38 -3.4e+38 -3.4e+38 -3.4e+38 -3.4e+38 -3.4e+38
245.377700805664 248.1669921875 250.481674194336 253.308853149414 253.233947753906 250.349380493164 250.314376831055 250.204315185547 250.127365112305 252.661651611328 252.779083251953 242.800033569336 248.221527099609 247.876556396484 248.015518188477 245.022598266602 250.471557617188 247.779388427734 250.005432128906 247.218048095703 244.802200317383 245.513702392578 249.05908203125 252.036178588867 -3.4e+38 -3.4e+38 -3.4e+38 -3.4e+38 -3.4e+38 -3.4e+38 -3.4e+38 -3.4e+38 -3.4e+38 -3.4e+38 -3.4e+38 -3.4e+38 -3.4e+38 -3.4e+38 -3.4e+38 -3.4e+38 -3.4e+38 -3.4e+38 -3.4e+38 -3.4e+38 -3.4e+38 -3.4e+38 -3.4e+38 -3.4e+38 -3.4e+38 -3.4e+38 -3.4e+38
245.423843383789 255.943405151367 252.63542175293 255.032989501953 253.121078491211 247.742431640625 245.751342773438 250.348281860352 252.973693847656 253.088165283203 250.567031860352 250.291229248047 250.411483764648 242.759674072266 245.38606262207 242.797271728516 242.917388916016 247.860412597656 247.781768798828 250.160140991211 247.39094543457 247.809631347656 246.895126342773 252.080276489258 252.138107299805 246.871978759766 247.689361572266 244.638961791992 -3.4e+38 -3.4e+38 -3.4e+38 -3.4e+38 -3.4e+38 -3.4e+38 -3.4e+38 -3.4e+38 -3.4e+38 -3.4e+38 -3.4e+38 -3.4e+38 -3.4e+38 -3.4e+38 -3.4e+38 244.835494995117 241.864303588867 -3.4e+38 -3.4e+38 -3.4e+38 -3.4e+38 -3.4e+38 -3.4e+38
243.116806030273 253.671310424805 252.847030639648 249.944396972656 247.658325195312 247.607437133789 242.841552734375 247.871292114258 250.952255249023 253.232406616211 253.184982299805 253.260406494141 250.734603881836 253.110565185547 250.280639648438 250.646072387695 248.55989074707 250.761520385742 250.999404907227 248.04833984375 250.215774536133 240.241638183594 234.829177856445 246.913925170898 246.981170654297 249.981216430664 249.924758911133 246.951095581055 246.963516235352 249.534133911133 249.353561401367 247.352767944336 246.997756958008 245.05094909668 -3.4e+38 -3.4e+38 -3.4e+38 -3.4e+38 -3.4e+38 -3.4e+38 -3.4e+38 -3.4e+38 244.758071899414 247.23616027832 242.54541015625 -3.4e+38 -3.4e+38 -3.4e+38 -3.4e+38 -3.4e+38 -3.4e+38
242.55647277832 247.818893432617 247.840835571289 249.968185424805 247.411285400391 245.179672241211 245.669204711914 245.689880371094 245.97233581543 251.02604675293 248.009735107422 245.826782226562 253.484924316406 250.818298339844 250.655868530273 253.364349365234 251.212188720703 248.421127319336 248.110961914062 250.677856445312 249.827407836914 239.411834716797 239.236480712891 241.630508422852 244.665084838867 249.896240234375 252.650756835938 246.928512573242 247.040588378906 249.521850585938 249.337646484375 247.434051513672 249.64631652832 247.234909057617 242.540176391602 244.952423095703 -3.4e+38 -3.4e+38 -3.4e+38 -3.4e+38 -3.4e+38 243.074829101562 250.521728515625 255.172729492188 239.896789550781 -3.4e+38 -3.4e+38 -3.4e+38 -3.4e+38 -3.4e+38 -3.4e+38
245.816040039062 250.27229309082 256.104400634766 258.441345214844 253.620971679688 253.072845458984 253.137100219727 250.975967407227 248.363525390625 246.036026000977 242.975067138672 251.482452392578 253.984100341797 253.604415893555 250.903091430664 248.656829833984 248.321838378906 248.322601318359 250.558547973633 248.191558837891 244.361846923828 239.043548583984 239.237091064453 244.560470581055 244.599960327148 247.636581420898 252.570755004883 249.659393310547 246.94416809082 246.922012329102 242.311706542969 244.928970336914 247.34700012207 245.694519042969 247.796127319336 247.816558837891 247.749801635742 247.848129272461 -3.4e+38 -3.4e+38 243.377380371094 247.710861206055 257.17431640625 254.997085571289 247.891220092773 -3.4e+38 -3.4e+38 -3.4e+38 -3.4e+38 -3.4e+38 -3.4e+38
243.358444213867 251.375762939453 251.529495239258 248.516998291016 251.375869750977 255.88508605957 251.174179077148 251.129669189453 248.780502319336 246.241165161133 253.292266845703 253.375854492188 253.484970092773 250.819869995117 248.456558227539 248.505981445312 243.380844116211 241.163299560547 243.317092895508 241.043518066406 238.009582519531 240.098663330078 242.019195556641 248.149139404297 247.634307861328 247.647811889648 252.703826904297 247.413177490234 247.382675170898 247.034805297852 247.050140380859 244.693008422852 247.51969909668 245.087692260742 244.520706176758 250.232620239258 250.203964233398 245.641067504883 245.838623046875 245.403686523438 247.859817504883 242.592178344727 244.46794128418 247.605667114258 238.252349853516 245.30534362793 -3.4e+38 -3.4e+38 -3.4e+38 -3.4e+38 -3.4e+38
248.669692993164 245.606964111328 248.617813110352 251.185745239258 248.567916870117 251.028106689453 248.845703125 248.399612426758 246.065185546875 246.176284790039 251.340362548828 250.91340637207 248.660095214844 245.618804931641 243.30207824707 243.170822143555 240.913192749023 243.385025024414 247.836364746094 243.278915405273 235.347106933594 240.329299926758 245.870727539062 248.152191162109 245.399169921875 245.402969360352 250.396545410156 248.131286621094 247.428176879883 242.379013061523 242.909973144531 245.196243286133 250.624526977539 248.061996459961 250.24397277832 245.123840332031 250.731384277344 254.044525146484 251.142929077148 250.802429199219 250.421417236328 242.060363769531 238.119857788086 232.994827270508 235.278228759766 238.095687866211 248.461486816406 -3.4e+38 -3.4e+38 -3.4e+38 -3.4e+38
246.510787963867 251.24089050293 251.117233276367 251.232116699219 248.641830444336 248.646301269531 246.496688842773 246.213882446289 246.053329467773 246.684860229492 251.77018737793 248.532577514648 250.829391479492 241.108139038086 241.122940063477 241.359191894531 238.762237548828 245.689392089844 250.654357910156 248.265151977539 241.022827148438 242.679901123047 245.525665283203 245.530792236328 242.809768676758 245.503982543945 248.199630737305 248.106109619141 245.78205871582 240.531829833984 242.915542602539 241.975051879883 245.155654907227 247.625885009766 247.232223510742 239.976150512695 245.910781860352 248.307983398438 250.998001098633 243.186904907227 242.972534179688 237.567108154297 235.338134765625 230.902786254883 238.195724487305 240.358581542969 248.153106689453 -3.4e+38 -3.4e+38 -3.4e+38 -3.4e+38
243.866516113281 246.377578735352 248.84912109375 253.421966552734 250.895736694336 250.9306640625 246.445053100586 241.591018676758 246.424285888672 243.835998535156 246.075332641602 246.102401733398 243.770416259766 243.707870483398 241.080383300781 243.708312988281 243.439727783203 248.219039916992 253.726104736328 249.028869628906 243.491607666016 243.341415405273 243.299377441406 245.412612915039 245.468276977539 250.374267578125 250.784576416016 250.740264892578 247.449005126953 242.304992675781 240.040954589844 243.376358032227 244.055892944336 244.612442016602 247.124725341797 242.965133666992 240.827545166016 248.252487182617 247.591827392578 247.398483276367 252.74299621582 243.093811035156 237.600830078125 233.817321777344 238.358200073242 245.718673706055 240.847030639648 240.301406860352 -3.4e+38 -3.4e+38 -3.4e+38
251.544677734375 254.110168457031 251.161102294922 248.795318603516 246.30419921875 245.953262329102 238.709396362305 241.621673583984 241.708145141602 241.797302246094 248.677581787109 251.236694335938 251.207778930664 245.842422485352 241.373092651367 246.068161010742 245.683395385742 245.88591003418 248.780395507812 248.615676879883 248.412414550781 248.001861572266 245.632247924805 247.757843017578 245.318130493164 245.786560058594 248.464645385742 252.364807128906 247.508499145508 244.129898071289 243.642715454102 246.547729492188 244.056884765625 244.465148925781 249.476028442383 242.566879272461 242.530242919922 245.845260620117 255.583114624023 247.637649536133 252.16276550293 247.661392211914 245.474349975586 243.247924804688 250.963043212891 248.851104736328 236.019622802734 231.149276733398 233.305099487305 -3.4e+38 -3.4e+38
249.249542236328 249.195404052734 251.738220214844 249.028076171875 243.613525390625 243.63623046875 244.296127319336 247.044403076172 241.713165283203 244.299102783203 246.444396972656 246.408126831055 248.790176391602 248.683929443359 245.871734619141 241.044174194336 238.662780761719 240.992141723633 245.657699584961 245.609832763672 240.327774047852 243.673004150391 245.96305847168 240.953353881836 245.314727783203 249.963363647461 249.727920532227 249.620910644531 244.758682250977 244.256393432617 243.566909790039 249.283752441406 244.506256103516 245.329437255859 242.906982421875 245.535552978516 247.81657409668 240.332946777344 247.547271728516 252.224670410156 254.950134277344 247.64323425293 242.591201782227 247.07080078125 250.760986328125 245.451202392578 243.244277954102 235.733810424805 233.338912963867 231.248992919922 -3.4e+38
248.291015625 248.215087890625 246.308090209961 246.943283081055 248.246444702148 251.016494750977 251.02262878418 250.967086791992 241.648345947266 241.74739074707 248.727066040039 246.473617553711 246.918899536133 249.113296508789 249.011962890625 246.639358520508 238.927352905273 238.565444946289 241.052291870117 247.940765380859 242.800598144531 247.85498046875 251.02587890625 251.340316772461 250.270324707031 250.199035644531 251.838668823242 252.242248535156 249.688735961914 242.091995239258 239.691528320312 249.451263427734 247.620208740234 245.642959594727 245.560119628906 245.602340698242 242.513961791992 239.895248413086 245.472793579102 255.201202392578 250.291442871094 245.271469116211 247.641036987305 247.117370605469 240.292816162109 240.767807006836 240.839279174805 245.95703125 243.510437011719 236.166870117188 -3.4e+38
248.565887451172 251.635070800781 248.853591918945 253.265197753906 253.319580078125 248.129516601562 250.535003662109 250.545425415039 243.604415893555 244.238174438477 253.298934936523 251.090927124023 251.520309448242 251.359268188477 243.954391479492 246.639694213867 243.489410400391 240.984802246094 245.944290161133 246.007247924805 245.871917724609 245.872497558594 245.824234008789 247.87126159668 250.243850708008 252.243637084961 249.681610107422 247.903549194336 247.737808227539 250.261840820312 245.065216064453 243.19612121582 243.416793823242 243.40446472168 245.674621582031 248.086975097656 244.580963134766 247.2587890625 250.268829345703 241.177978515625 240.368545532227 247.607025146484 250.076858520508 244.743377685547 248.069152832031 250.6494140625 241.329391479492 243.354537963867 243.344467163086 243.423522949219 -3.4e+38
251.211822509766 248.897811889648 255.695983886719 258.440551757812 253.150024414062 248.449066162109 255.067718505859 250.822601318359 246.263153076172 249.001007080078 253.426895141602 248.823760986328 248.76237487793 246.247985839844 240.91178894043 246.616943359375 244.466659545898 239.156265258789 249.60417175293 246.781356811523 243.829238891602 245.987869262695 245.809417724609 242.802139282227 247.473876953125 244.62190246582 244.576278686523 252.375610351562 250.182342529297 248.182434082031 243.298767089844 243.217254638672 240.799850463867 248.180465698242 248.130798339844 245.392318725586 247.480911254883 250.161880493164 247.894424438477 245.276489257812 243.254623413086 247.181076049805 247.659378051758 245.312088012695 249.760971069336 247.512298583984 245.206268310547 245.51904296875 240.543502807617 240.661773681641 -3.4e+38
253.822326660156 257.931213378906 255.529144287109 258.261291503906 255.887329101562 247.947219848633 250.273468017578 250.790771484375 248.454833984375 253.628707885742 253.459274291992 248.763778686523 248.649154663086 248.49494934082 246.184280395508 246.813629150391 242.558029174805 242.227462768555 247.249404907227 249.429473876953 244.007507324219 241.775131225586 243.525360107422 243.183090209961 243.015197753906 245.137908935547 242.362716674805 247.167770385742 252.382446289062 247.618499755859 245.892471313477 245.195510864258 243.071014404297 240.789779663086 245.413146972656 245.429748535156 247.565933227539 245.378936767578 242.619537353516 242.608871459961 243.235748291016 244.843475341797 247.603607177734 249.844436645508 245.327621459961 242.946716308594 242.948745727539 235.276870727539 235.687973022461 -3.4e+38 -3.4e+38
253.305786132812 255.74821472168 260.626159667969 258.356994628906 250.829849243164 250.766815185547 250.840133666992 255.486572265625 257.998168945312 255.736297607422 246.613174438477 248.745101928711 248.54606628418 251.160568237305 246.576110839844 242.167373657227 241.570098876953 251.819000244141 248.545669555664 249.422500610352 249.157241821289 241.629898071289 246.144134521484 248.199676513672 245.860000610352 245.739547729492 245.684280395508 245.612991333008 250.171997070312 248.020538330078 243.57096862793 242.760650634766 242.679672241211 240.222778320312 238.039947509766 242.708465576172 245.3212890625 242.959701538086 242.917037963867 247.568222045898 245.659774780273 245.586761474609 242.161239624023 252.052185058594 247.394348144531 242.906402587891 240.578582763672 240.477310180664 240.429824829102 -3.4e+38 -3.4e+38
253.250030517578 253.358291625977 255.525985717773 252.63671875 260.163116455078 258.046356201172 253.026473999023 257.904235839844 257.836730957031 255.791961669922 251.229110717773 248.583969116211 248.570770263672 251.110244750977 251.135238647461 246.107650756836 243.187835693359 249.012786865234 249.104461669922 248.459671020508 252.804718017578 245.886810302734 248.153518676758 247.886215209961 248.230987548828 242.646545410156 245.598876953125 245.650970458984 243.68571472168 241.340377807617 245.853164672852 242.277145385742 242.173065185547 245.154205322266 242.983764648438 247.72688293457 243.140747070312 250.186889648438 250.232299804688 247.69189453125 250.266418457031 247.752746582031 247.498229980469 247.45133972168 242.886337280273 239.992538452148 238.394485473633 240.579635620117 -3.4e+38 -3.4e+38 -3.4e+38
