pkg/usdm/inst/external/LST_season4.asc
NCOLS 279 
NROWS 320 
XLLCORNER 523900.453205175 
YLLCORNER 5622610.68929959 
CELLSIZE 1000 
NODATA_value -3.4e+38 
[rows 161 to 183 of 320, columns 204 to 254 of 279]
235.615295410156 238.029327392578 243.460906982422 243.17236328125 240.468338012695 243.403045654297 248.590072631836 246.645172119141 253.490219116211 243.358459472656 248.541519165039 243.419921875 248.073959350586 248.00129699707 245.181976318359 245.265701293945 250.964279174805 245.977035522461 245.413650512695 240.669555664062 240.571548461914 245.551391601562 249.584243774414 246.959075927734 247.345504760742 244.987167358398 244.941116333008 245.100921630859 249.742309570312 247.44743347168 -3.4e+38 -3.4e+38 -3.4e+38 -3.4e+38 -3.4e+38 -3.4e+38 -3.4e+38 -3.4e+38 -3.4e+38 -3.4e+38 -3.4e+38 -3.4e+38 -3.4e+38 -3.4e+38 -3.4e+38 -3.4e+38 -3.4e+38 -3.4e+38 -3.4e+38 -3.4e+38 -3.4e+38
234.776443481445 235.325347900391 241.239776611328 240.447128295898 237.631210327148 237.844451904297 241.679290771484 244.457260131836 246.743438720703 241.087707519531 246.322769165039 248.714874267578 245.349609375 245.978454589844 245.422515869141 243.338439941406 245.899047851562 248.184768676758 245.859497070312 245.463912963867 245.049942016602 244.422317504883 247.105239868164 242.471420288086 242.863189697266 242.763122558594 245.109130859375 245.13703918457 245.162872314453 247.547485351562 -3.4e+38 -3.4e+38 -3.4e+38 -3.4e+38 -3.4e+38 -3.4e+38 -3.4e+38 -3.4e+38 -3.4e+38 -3.4e+38 -3.4e+38 -3.4e+38 -3.4e+38 -3.4e+38 -3.4e+38 -3.4e+38 -3.4e+38 -3.4e+38 -3.4e+38 -3.4e+38 -3.4e+38
232.398071289062 235.253784179688 240.899063110352 238.082962036133 230.777008056641 232.955276489258 241.815658569336 241.017990112305 236.459197998047 238.822509765625 241.672103881836 250.882125854492 253.198150634766 256.110961914062 253.410522460938 248.227874755859 240.670425415039 244.777313232422 242.597381591797 245.368698120117 247.567932128906 247.238906860352 247.191390991211 244.782943725586 237.891128540039 245.305725097656 250.236297607422 245.203048706055 247.603454589844 245.349960327148 -3.4e+38 -3.4e+38 -3.4e+38 -3.4e+38 -3.4e+38 -3.4e+38 -3.4e+38 -3.4e+38 -3.4e+38 -3.4e+38 -3.4e+38 -3.4e+38 -3.4e+38 -3.4e+38 -3.4e+38 -3.4e+38 -3.4e+38 -3.4e+38 -3.4e+38 -3.4e+38 -3.4e+38
233.108169555664 237.73893737793 237.169174194336 240.366592407227 240.67414855957 236.776412963867 236.834320068359 239.263137817383 239.134124755859 246.418075561523 244.039947509766 243.658233642578 248.330474853516 255.65576171875 247.208862304688 250.274841308594 249.612915039062 247.641342163086 240.24690246582 247.619613647461 242.669250488281 245.0458984375 247.83122253418 244.929748535156 244.70573425293 245.305358886719 252.591659545898 242.985473632812 247.702880859375 -3.4e+38 -3.4e+38 -3.4e+38 -3.4e+38 -3.4e+38 -3.4e+38 -3.4e+38 -3.4e+38 -3.4e+38 -3.4e+38 -3.4e+38 -3.4e+38 -3.4e+38 -3.4e+38 -3.4e+38 -3.4e+38 -3.4e+38 -3.4e+38 -3.4e+38 -3.4e+38 -3.4e+38 -3.4e+38
230.969879150391 238.320495605469 238.355972290039 237.774047851562 242.659194946289 235.073165893555 241.082489013672 236.550659179688 234.327880859375 239.095397949219 239.158538818359 241.013214111328 243.738586425781 245.41227722168 243.166290283203 244.747604370117 249.659088134766 247.654388427734 245.402084350586 244.589553833008 240.093078613281 243.292434692383 245.622024536133 248.211044311523 242.40852355957 250.812789916992 250.718399047852 245.6806640625 243.03645324707 -3.4e+38 -3.4e+38 -3.4e+38 -3.4e+38 -3.4e+38 -3.4e+38 -3.4e+38 -3.4e+38 -3.4e+38 -3.4e+38 -3.4e+38 -3.4e+38 -3.4e+38 -3.4e+38 -3.4e+38 -3.4e+38 -3.4e+38 -3.4e+38 -3.4e+38 -3.4e+38 -3.4e+38 -3.4e+38
235.9345703125 233.244003295898 238.397155761719 234.787963867188 235.255599975586 232.813659667969 234.711547851562 245.719711303711 245.832901000977 241.514434814453 241.622375488281 238.560241699219 243.810012817383 250.939163208008 239.74284362793 242.014419555664 244.37663269043 245.429489135742 240.094284057617 247.547866821289 245.38410949707 245.511917114258 240.137069702148 242.947326660156 242.818420410156 239.859497070312 247.622756958008 252.867141723633 247.811660766602 -3.4e+38 -3.4e+38 -3.4e+38 -3.4e+38 -3.4e+38 -3.4e+38 -3.4e+38 -3.4e+38 -3.4e+38 -3.4e+38 -3.4e+38 -3.4e+38 -3.4e+38 -3.4e+38 -3.4e+38 -3.4e+38 -3.4e+38 -3.4e+38 -3.4e+38 -3.4e+38 -3.4e+38 -3.4e+38
235.582763671875 228.044738769531 233.202819824219 235.357803344727 237.654983520508 235.440536499023 232.57829284668 239.975845336914 245.80354309082 241.430648803711 239.342163085938 243.896041870117 240.381042480469 243.047546386719 243.046295166016 245.431549072266 244.819259643555 239.876449584961 243.058013916016 245.204315185547 245.898864746094 240.922500610352 240.897796630859 242.936965942383 245.109848022461 237.664535522461 -3.4e+38 -3.4e+38 -3.4e+38 -3.4e+38 -3.4e+38 -3.4e+38 -3.4e+38 -3.4e+38 -3.4e+38 -3.4e+38 -3.4e+38 -3.4e+38 -3.4e+38 -3.4e+38 -3.4e+38 -3.4e+38 -3.4e+38 -3.4e+38 -3.4e+38 -3.4e+38 -3.4e+38 -3.4e+38 -3.4e+38 -3.4e+38 -3.4e+38
243.512115478516 240.666473388672 240.728652954102 242.959518432617 240.650726318359 238.309173583984 238.327453613281 242.747848510742 243.30598449707 238.935516357422 243.655883789062 243.656478881836 240.823257446289 246.42626953125 248.678192138672 243.651565551758 244.85173034668 247.679840087891 243.037887573242 248.18994140625 245.867156982422 248.186111450195 240.199203491211 237.542022705078 239.747085571289 -3.4e+38 -3.4e+38 -3.4e+38 -3.4e+38 -3.4e+38 -3.4e+38 -3.4e+38 -3.4e+38 -3.4e+38 -3.4e+38 -3.4e+38 -3.4e+38 -3.4e+38 -3.4e+38 -3.4e+38 -3.4e+38 -3.4e+38 -3.4e+38 -3.4e+38 -3.4e+38 -3.4e+38 -3.4e+38 -3.4e+38 -3.4e+38 -3.4e+38 -3.4e+38
245.752426147461 243.081268310547 242.967712402344 245.218154907227 242.952178955078 242.941314697266 238.273162841797 241.117080688477 243.867431640625 246.327484130859 253.296127319336 248.839416503906 248.730285644531 241.434234619141 240.713897705078 243.027252197266 240.204620361328 245.20735168457 242.958938598633 245.888580322266 246.067932128906 250.547149658203 248.215454101562 242.881652832031 247.124984741211 -3.4e+38 -3.4e+38 -3.4e+38 -3.4e+38 -3.4e+38 -3.4e+38 -3.4e+38 -3.4e+38 -3.4e+38 -3.4e+38 -3.4e+38 -3.4e+38 -3.4e+38 -3.4e+38 -3.4e+38 -3.4e+38 -3.4e+38 -3.4e+38 -3.4e+38 -3.4e+38 -3.4e+38 -3.4e+38 -3.4e+38 -3.4e+38 -3.4e+38 -3.4e+38
240.204666137695 245.415634155273 244.901306152344 244.78205871582 242.909530639648 242.883178710938 242.883071899414 246.068222045898 246.205307006836 246.349563598633 251.005020141602 248.896926879883 248.710052490234 248.758834838867 248.765930175781 243.419708251953 242.778656005859 245.904495239258 245.958435058594 245.788818359375 253.544830322266 253.593414306641 248.314559936523 250.254455566406 249.390045166016 -3.4e+38 -3.4e+38 -3.4e+38 -3.4e+38 -3.4e+38 -3.4e+38 -3.4e+38 -3.4e+38 -3.4e+38 -3.4e+38 -3.4e+38 -3.4e+38 -3.4e+38 -3.4e+38 -3.4e+38 -3.4e+38 -3.4e+38 -3.4e+38 -3.4e+38 -3.4e+38 -3.4e+38 -3.4e+38 -3.4e+38 -3.4e+38 -3.4e+38 -3.4e+38
242.96174621582 248.020446777344 245.130264282227 245.091430664062 247.295516967773 247.266998291016 247.332992553711 245.40559387207 250.593902587891 250.740661621094 248.816329956055 248.900085449219 248.763488769531 248.772277832031 246.390716552734 251.550628662109 253.800140380859 250.814971923828 245.871841430664 245.824005126953 246.554077148438 251.160186767578 253.409866333008 253.128051757812 250.744827270508 245.592926025391 237.431777954102 234.991027832031 242.907440185547 -3.4e+38 -3.4e+38 -3.4e+38 -3.4e+38 -3.4e+38 -3.4e+38 -3.4e+38 -3.4e+38 -3.4e+38 -3.4e+38 -3.4e+38 -3.4e+38 -3.4e+38 -3.4e+38 -3.4e+38 -3.4e+38 -3.4e+38 -3.4e+38 -3.4e+38 -3.4e+38 -3.4e+38 -3.4e+38
243.535263061523 251.109344482422 240.345596313477 250.863784790039 245.761489868164 248.110046386719 250.063461303711 245.510162353516 248.407867431641 246.251129150391 248.692474365234 248.876358032227 248.901916503906 248.879806518555 246.509857177734 246.486968994141 251.425384521484 253.649154663086 245.608795166016 253.041870117188 253.149063110352 250.903228759766 250.290161132812 250.274658203125 250.659881591797 250.711380004883 244.986068725586 237.412185668945 245.364318847656 245.729843139648 243.423385620117 248.515350341797 -3.4e+38 -3.4e+38 -3.4e+38 -3.4e+38 -3.4e+38 -3.4e+38 -3.4e+38 -3.4e+38 -3.4e+38 -3.4e+38 -3.4e+38 -3.4e+38 -3.4e+38 -3.4e+38 -3.4e+38 -3.4e+38 -3.4e+38 -3.4e+38 -3.4e+38
250.982345581055 248.812484741211 244.226425170898 241.908538818359 245.848251342773 248.119995117188 250.801559448242 248.435928344727 248.491546630859 248.137176513672 251.075225830078 246.549926757812 243.795181274414 248.800018310547 246.455856323242 244.111663818359 245.678924560547 250.833908081055 242.948165893555 245.78581237793 252.958541870117 245.733016967773 248.033950805664 242.193145751953 253.078765869141 250.46794128418 242.418304443359 234.930999755859 235.406188964844 243.219879150391 243.535278320312 250.777160644531 -3.4e+38 -3.4e+38 -3.4e+38 -3.4e+38 -3.4e+38 -3.4e+38 -3.4e+38 -3.4e+38 -3.4e+38 -3.4e+38 -3.4e+38 -3.4e+38 -3.4e+38 -3.4e+38 -3.4e+38 -3.4e+38 -3.4e+38 -3.4e+38 -3.4e+38
241.550415039062 246.515472412109 246.452255249023 246.511856079102 246.370895385742 243.583511352539 245.871871948242 245.766693115234 248.117736816406 246.069412231445 248.835983276367 246.490905761719 241.431045532227 242.005630493164 246.490783691406 246.433883666992 243.414825439453 243.197341918945 246.005477905273 240.851608276367 237.106964111328 250.487976074219 247.809097290039 242.252044677734 250.942520141602 245.746719360352 238.003784179688 234.974517822266 240.591018676758 237.886856079102 240.580596923828 243.317657470703 247.727645874023 247.74772644043 -3.4e+38 -3.4e+38 -3.4e+38 -3.4e+38 -3.4e+38 -3.4e+38 -3.4e+38 -3.4e+38 -3.4e+38 -3.4e+38 -3.4e+38 -3.4e+38 -3.4e+38 -3.4e+38 -3.4e+38 -3.4e+38 -3.4e+38
246.700088500977 246.775085449219 246.840408325195 244.355392456055 241.920303344727 244.143890380859 248.65478515625 243.701141357422 238.75895690918 246.193450927734 246.610824584961 244.269058227539 238.515533447266 240.812683105469 240.754501342773 243.652496337891 238.371276855469 238.079177856445 240.682556152344 242.755599975586 243.365264892578 245.396026611328 246.138381958008 245.017944335938 250.266143798828 253.011688232422 245.087768554688 243.008193969727 237.985458374023 237.86149597168 243.230895996094 240.490371704102 239.886245727539 244.45378112793 242.306381225586 -3.4e+38 -3.4e+38 -3.4e+38 -3.4e+38 -3.4e+38 -3.4e+38 -3.4e+38 -3.4e+38 -3.4e+38 -3.4e+38 -3.4e+38 -3.4e+38 -3.4e+38 -3.4e+38 -3.4e+38 -3.4e+38
243.794509887695 243.816375732422 248.860168457031 243.833526611328 239.124664306641 239.069030761719 244.032562255859 241.470306396484 241.003540039062 241.532623291016 241.572952270508 241.552383422852 241.622268676758 243.897354125977 240.888977050781 238.100799560547 233.01091003418 237.748138427734 237.983413696289 245.957397460938 245.646820068359 253.026229858398 245.678970336914 241.01628112793 245.250534057617 248.023544311523 252.915908813477 245.121353149414 242.962326049805 238.047653198242 243.250137329102 240.71955871582 240.688888549805 252.712280273438 246.857681274414 -3.4e+38 -3.4e+38 -3.4e+38 -3.4e+38 -3.4e+38 -3.4e+38 -3.4e+38 -3.4e+38 -3.4e+38 -3.4e+38 -3.4e+38 -3.4e+38 -3.4e+38 -3.4e+38 -3.4e+38 -3.4e+38
243.948883056641 241.038940429688 246.009429931641 248.33642578125 251.177581787109 246.434326171875 239.023818969727 241.340454101562 241.490570068359 239.226013183594 236.649108886719 241.559707641602 241.551742553711 240.808670043945 240.937774658203 245.969985961914 248.295181274414 240.122222900391 240.033157348633 243.949432373047 243.92219543457 248.421875 243.351379394531 247.237716674805 250.617095947266 247.783645629883 250.269546508789 247.842544555664 246.00862121582 242.814498901367 243.188552856445 243.119918823242 245.984237670898 252.761703491211 252.746398925781 247.703536987305 -3.4e+38 -3.4e+38 -3.4e+38 -3.4e+38 -3.4e+38 -3.4e+38 -3.4e+38 -3.4e+38 -3.4e+38 -3.4e+38 -3.4e+38 -3.4e+38 -3.4e+38 -3.4e+38 -3.4e+38
245.77490234375 245.75146484375 243.395660400391 247.89453125 250.552474975586 248.139953613281 248.185241699219 240.744186401367 238.482955932617 236.300628662109 234.106216430664 239.369689941406 236.623016357422 236.505661010742 244.202590942383 241.33381652832 243.26203918457 240.443771362305 235.262084960938 244.506652832031 243.88459777832 243.92707824707 245.675659179688 247.958068847656 247.969573974609 250.72395324707 240.759765625 243.392822265625 245.786560058594 240.153732299805 237.904190063477 243.025604248047 237.839996337891 238.00798034668 245.092788696289 250.540634155273 -3.4e+38 -3.4e+38 -3.4e+38 -3.4e+38 -3.4e+38 -3.4e+38 -3.4e+38 -3.4e+38 -3.4e+38 -3.4e+38 -3.4e+38 -3.4e+38 -3.4e+38 -3.4e+38 -3.4e+38
248.524826049805 250.954483032227 245.8408203125 250.381408691406 250.420806884766 243.109619140625 240.888198852539 243.560409545898 243.646789550781 241.624099731445 239.318344116211 236.383636474609 243.859466552734 246.05500793457 246.324142456055 244.135131835938 234.650146484375 238.792526245117 241.341979980469 241.774688720703 243.288818359375 243.380706787109 255.810943603516 255.835510253906 248.159255981445 248.14306640625 246.005661010742 243.892700195312 240.911926269531 240.624725341797 240.839645385742 237.848983764648 240.164505004883 239.810409545898 -3.4e+38 -3.4e+38 -3.4e+38 -3.4e+38 -3.4e+38 -3.4e+38 -3.4e+38 -3.4e+38 -3.4e+38 -3.4e+38 -3.4e+38 -3.4e+38 -3.4e+38 -3.4e+38 -3.4e+38 -3.4e+38 -3.4e+38
248.655197143555 251.034545898438 245.842681884766 252.575439453125 252.603851318359 245.410720825195 240.759780883789 245.807662963867 243.578216552734 244.208801269531 246.52311706543 248.800567626953 243.838684082031 246.084350585938 243.699676513672 245.905120849609 239.046798706055 241.525253295898 238.459671020508 233.401779174805 238.794067382812 243.982955932617 251.300521850586 248.97883605957 246.811492919922 246.299865722656 243.55158996582 243.601303100586 243.607864379883 243.458969116211 240.393081665039 237.774765014648 237.818634033203 -3.4e+38 -3.4e+38 -3.4e+38 -3.4e+38 -3.4e+38 -3.4e+38 -3.4e+38 -3.4e+38 -3.4e+38 -3.4e+38 -3.4e+38 -3.4e+38 -3.4e+38 -3.4e+38 -3.4e+38 -3.4e+38 -3.4e+38 -3.4e+38
251.382904052734 250.62858581543 250.5380859375 249.894546508789 249.766143798828 247.585739135742 243.160171508789 248.243041992188 248.258895874023 251.151351928711 248.904846191406 248.885177612305 248.86930847168 248.913925170898 248.66618347168 241.37646484375 241.357070922852 244.484420776367 243.741149902344 241.107650756836 241.606246948242 239.608367919922 242.552062988281 244.594314575195 244.57373046875 241.672424316406 241.610809326172 243.731750488281 241.445877075195 241.3603515625 245.54948425293 239.969131469727 232.860855102539 -3.4e+38 -3.4e+38 -3.4e+38 -3.4e+38 -3.4e+38 -3.4e+38 -3.4e+38 -3.4e+38 -3.4e+38 -3.4e+38 -3.4e+38 -3.4e+38 -3.4e+38 -3.4e+38 -3.4e+38 -3.4e+38 -3.4e+38 -3.4e+38
246.839599609375 248.221160888672 248.161712646484 249.927307128906 250.454437255859 250.436538696289 248.564041137695 251.062042236328 251.132019042969 251.146789550781 251.249114990234 248.967880249023 251.612182617188 251.165161132812 248.846572875977 243.636520385742 241.269241333008 248.786590576172 241.079803466797 241.21501159668 238.301849365234 243.346405029297 246.836700439453 244.550765991211 244.472198486328 241.727996826172 241.637756347656 239.423141479492 244.399566650391 241.005645751953 243.329360961914 240.50358581543 232.652786254883 -3.4e+38 -3.4e+38 -3.4e+38 -3.4e+38 -3.4e+38 -3.4e+38 -3.4e+38 -3.4e+38 -3.4e+38 -3.4e+38 -3.4e+38 -3.4e+38 -3.4e+38 -3.4e+38 -3.4e+38 -3.4e+38 -3.4e+38 -3.4e+38
244.031677246094 238.378662109375 248.276000976562 240.388580322266 245.90837097168 245.830642700195 247.710678100586 248.175506591797 248.229766845703 253.244064331055 251.064956665039 246.577224731445 248.580825805664 253.753952026367 251.458679199219 241.765747070312 241.365219116211 246.410308837891 236.147796630859 240.743347167969 241.148773193359 243.226028442383 243.998489379883 241.748550415039 243.933181762695 239.440505981445 241.701553344727 241.753707885742 241.683731079102 235.948501586914 240.91584777832 241.054656982422 -3.4e+38 -3.4e+38 -3.4e+38 -3.4e+38 -3.4e+38 -3.4e+38 -3.4e+38 -3.4e+38 -3.4e+38 -3.4e+38 -3.4e+38 -3.4e+38 -3.4e+38 -3.4e+38 -3.4e+38 -3.4e+38 -3.4e+38 -3.4e+38 -3.4e+38
