pkg/usdm/inst/external/LST_season4.asc
NCOLS 279 
NROWS 320 
XLLCORNER 523900.453205175 
YLLCORNER 5622610.68929959 
CELLSIZE 1000 
NODATA_value -3.4e+38 
[rows 161 to 183 of 320, columns 102 to 152 of 279]
249.760391235352 250.121170043945 254.946243286133 249.314865112305 245.144912719727 245.093994140625 239.742904663086 245.339813232422 242.62321472168 239.323043823242 245.346267700195 239.648193359375 236.623016357422 241.892913818359 241.928085327148 245.120620727539 243.322525024414 248.385986328125 251.227935791016 244.53662109375 252.834197998047 250.120758056641 242.725860595703 247.718856811523 252.875411987305 250.105804443359 249.869522094727 247.242446899414 244.989181518555 247.721618652344 244.631423950195 247.627456665039 244.752243041992 252.308639526367 252.479751586914 247.812728881836 242.07502746582 245.677993774414 246.352340698242 246.452850341797 246.222320556641 252.712799072266 242.570831298828 245.135879516602 250.360565185547 245.52278137207 245.410415649414 242.648391723633 245.570831298828 245.866073608398 246.193603515625
247.089370727539 249.672546386719 246.769882202148 246.6494140625 249.643539428711 244.636627197266 246.934005737305 246.971862792969 239.788940429688 245.262619018555 244.959732055664 241.536972045898 241.596099853516 242.012878417969 247.316696166992 250.251358032227 245.631759643555 241.06169128418 243.03515625 242.365203857422 249.665878295898 250.120056152344 250.509811401367 253.053512573242 244.826217651367 250.083419799805 252.064331054688 248.255950927734 245.323181152344 249.623657226562 249.874588012695 247.409164428711 241.563705444336 244.046112060547 244.785842895508 242.050796508789 246.697143554688 247.0244140625 244.820297241211 242.557388305664 240.995758056641 250.904495239258 245.901992797852 240.340209960938 240.113800048828 247.938018798828 245.49299621582 240.032424926758 242.865081787109 245.835113525391 246.164672851562
246.606323242188 249.512344360352 249.035202026367 259.451873779297 254.933609008789 249.487976074219 244.177978515625 244.293762207031 238.55696105957 243.870040893555 238.873107910156 244.667465209961 241.923202514648 244.387847900391 251.951812744141 247.303283691406 247.885635375977 245.701675415039 242.708923339844 247.627548217773 250.546890258789 252.926391601562 245.761047363281 250.447372436523 244.689666748047 247.058670043945 250.337463378906 245.740753173828 247.876235961914 250.158462524414 249.946853637695 247.414016723633 244.96012878418 244.491500854492 244.403762817383 244.104293823242 239.047149658203 241.337127685547 241.381988525391 239.984298706055 248.360153198242 248.103225708008 245.381927490234 243.026611328125 241.372177124023 243.523040771484 245.77067565918 235.228622436523 237.484893798828 240.423187255859 240.720077514648
252.606018066406 249.625015258789 246.920974731445 254.520431518555 256.978912353516 246.966445922852 249.207794189453 246.845397949219 243.537719726562 246.672378540039 241.757827758789 244.208526611328 239.199722290039 235.233261108398 245.359619140625 248.237915039062 250.377777099609 247.640655517578 247.804611206055 252.203033447266 258.268737792969 255.990707397461 253.375823974609 252.883544921875 253.363388061523 255.516616821289 252.94775390625 243.058303833008 240.249938964844 242.99153137207 245.664794921875 245.474060058594 247.950759887695 249.706192016602 246.76513671875 247.002105712891 246.477935791016 249.156204223633 249.2578125 253.043548583984 252.938903808594 248.210891723633 245.317230224609 250.23893737793 250.224380493164 240.775634765625 240.834411621094 238.232681274414 235.784805297852 235.080947875977 235.185958862305
254.460205078125 247.242782592773 244.525909423828 246.761962890625 249.278884887695 246.442138671875 241.347244262695 249.277145385742 249.576065063477 249.007110595703 243.972259521484 247.104293823242 249.606887817383 242.845703125 247.848403930664 248.568649291992 247.715225219727 247.909744262695 245.483581542969 255.329315185547 252.892944335938 253.4072265625 255.360366821289 255.516479492188 255.857055664062 250.572601318359 247.747467041016 247.607360839844 245.442230224609 245.6767578125 242.965118408203 242.865371704102 242.782241821289 242.668579101562 249.793365478516 247.141815185547 252.357666015625 255.036193847656 255.050109863281 252.653778076172 250.459426879883 250.520111083984 253.307510375977 253.289184570312 248.237380981445 245.913375854492 245.944869995117 242.852249145508 243.14485168457 240.307861328125 237.473754882812
246.233306884766 246.271453857422 243.220062255859 243.631759643555 246.62663269043 246.98649597168 246.635284423828 246.59880065918 249.652374267578 252.013626098633 243.960357666016 247.010406494141 242.360717773438 240.430191040039 243.364730834961 246.67561340332 246.107666015625 248.350387573242 245.902191162109 254.123077392578 253.949005126953 256.020050048828 255.546447753906 252.951904296875 253.437408447266 249.801773071289 252.374618530273 247.537033081055 248.367065429688 245.447692871094 247.82014465332 245.484451293945 245.500732421875 245.358993530273 245.280502319336 247.057205200195 249.381256103516 255.008941650391 257.217529296875 252.096939086914 245.895599365234 245.936080932617 246.02099609375 246.009017944336 248.195922851562 245.462463378906 245.506301879883 247.729904174805 236.833084106445 237.477508544922 235.213897705078
251.845306396484 238.442642211914 239.170852661133 249.931274414062 250.016372680664 244.396774291992 249.622375488281 249.628280639648 249.609680175781 249.517318725586 246.857711791992 247.048965454102 245.355941772461 240.309234619141 243.298004150391 241.548522949219 230.611022949219 236.31266784668 244.779220581055 247.534255981445 241.820159912109 250.863998413086 255.858947753906 255.804077148438 255.592956542969 250.048522949219 245.111801147461 244.898803710938 243.254257202148 248.378997802734 250.679824829102 248.17707824707 247.468978881836 249.294158935547 246.760147094727 244.357299804688 244.011581420898 246.927749633789 249.610900878906 246.682922363281 245.220581054688 240.252807617188 243.239562988281 245.539413452148 248.229461669922 242.350387573242 242.286926269531 248.143463134766 237.888290405273 240.148529052734 242.58317565918
254.573120117188 246.318023681641 249.323867797852 250.03337097168 249.945297241211 252.383651733398 247.433364868164 247.146423339844 246.9501953125 246.787719726562 249.054443359375 247.350372314453 245.174591064453 249.914367675781 245.456985473633 243.162841796875 241.103210449219 241.288330078125 232.328567504883 227.865203857422 237.032836914062 253.874404907227 258.2119140625 255.66828918457 247.965377807617 251.093002319336 248.763885498047 245.383438110352 242.317749023438 242.714691162109 245.350540161133 250.371231079102 252.439254760742 251.964752197266 252.447631835938 249.403015136719 252.382675170898 244.868392944336 247.313018798828 246.88671875 240.256774902344 240.372634887695 239.862701416016 242.945373535156 242.993637084961 245.170593261719 244.944671630859 247.586410522461 247.621139526367 242.51171875 247.759201049805
252.248489379883 247.064407348633 250.101440429688 250.320068359375 250.664413452148 250.703140258789 250.383270263672 247.213638305664 247.230438232422 246.859725952148 246.140594482422 255.077102661133 245.553359985352 248.370727539062 246.153671264648 246.213958740234 246.385330200195 241.468658447266 231.436401367188 215.891662597656 230.12776184082 254.453277587891 249.11994934082 251.200714111328 245.619995117188 245.748489379883 243.522323608398 238.603286743164 240.149124145508 239.982788085938 239.769348144531 244.91047668457 247.571273803711 246.564651489258 244.690582275391 247.208404541016 252.204818725586 245.258331298828 239.84587097168 240.204437255859 240.323883056641 242.697174072266 242.734313964844 245.708755493164 243.166229248047 243.016845703125 240.190093994141 242.737945556641 247.787338256836 245.81884765625 250.48291015625
242.368148803711 245.131805419922 248.404632568359 245.646148681641 248.163986206055 250.8798828125 253.082534790039 250.342422485352 242.256759643555 245.275131225586 250.360305786133 250.577514648438 250.628784179688 246.132766723633 244.096832275391 246.364318847656 244.126220703125 243.793548583984 236.71272277832 237.193206787109 244.711730957031 249.607116699219 251.585021972656 250.362121582031 250.423538208008 245.476013183594 235.787689208984 238.836578369141 237.697036743164 237.441131591797 239.948654174805 237.138168334961 239.950561523438 244.829406738281 242.175765991211 244.982360839844 244.544006347656 245.164840698242 243.279708862305 243.586990356445 248.087936401367 239.759613037109 242.515350341797 240.35807800293 242.900192260742 242.833129882812 240.104476928711 243.312576293945 250.734329223633 245.929901123047 240.904602050781
239.597152709961 240.574249267578 241.364212036133 236.129791259766 246.25764465332 237.885391235352 239.923461914062 242.838363647461 245.184448242188 250.147262573242 250.310653686523 250.428024291992 250.463806152344 245.930328369141 245.987838745117 243.928573608398 243.964691162109 239.671646118164 234.330032348633 237.103164672852 246.985137939453 249.076812744141 253.827835083008 250.16145324707 244.709213256836 244.647354125977 244.476989746094 244.760620117188 239.958953857422 239.810012817383 242.753677368164 239.938369750977 236.446655273438 241.833358764648 239.522933959961 241.9658203125 241.948593139648 239.659240722656 236.641204833984 240.953186035156 242.678909301758 242.404678344727 239.602584838867 239.711227416992 242.975448608398 240.305694580078 240.502304077148 235.508148193359 247.840316772461 247.856643676758 237.455154418945
242.970199584961 240.277374267578 245.441162109375 244.909790039062 239.366317749023 234.380310058594 237.106231689453 241.033233642578 245.520477294922 245.20573425293 245.2216796875 245.01530456543 242.758178710938 245.742874145508 245.805572509766 245.903106689453 245.677581787109 243.836120605469 241.548934936523 239.256774902344 246.876907348633 251.165710449219 250.280822753906 250.300476074219 248.11149597168 248.152008056641 247.864349365234 244.731842041016 242.612762451172 237.592437744141 239.409240722656 239.485961914062 239.265991210938 236.362411499023 239.713790893555 242.478271484375 236.535263061523 239.505722045898 236.573791503906 234.476486206055 241.918853759766 250.261657714844 245.067031860352 242.521408081055 242.962677001953 240.331741333008 243.221176147461 240.945327758789 245.743698120117 245.879928588867 235.335388183594
247.799697875977 247.917785644531 247.821014404297 244.81266784668 239.3876953125 237.366012573242 245.588439941406 243.601516723633 245.352188110352 247.608123779297 242.328582763672 245.04768371582 245.126342773438 250.386138916016 248.148330688477 250.955871582031 251.273040771484 249.499954223633 241.910873413086 244.31086730957 249.39208984375 245.097427368164 247.843276977539 247.913497924805 247.952438354492 247.884307861328 250.600173950195 244.810211181641 237.667785644531 240.019805908203 245.311874389648 239.384323120117 247.861373901367 250.977447509766 245.320831298828 242.245910644531 239.347183227539 242.137878417969 245.14811706543 247.762542724609 245.654479980469 239.799789428711 247.504104614258 248.017807006836 253.1357421875 241.938461303711 247.912094116211 248.014465332031 245.592193603516 243.432022094727 248.038177490234
244.840194702148 247.900970458984 245.136367797852 245.13215637207 239.70832824707 237.413223266602 242.250244140625 240.701538085938 245.786285400391 248.079345703125 248.147766113281 245.243453979492 242.518615722656 245.11604309082 248.197616577148 251.064926147461 254.577728271484 252.378860473633 249.170791625977 246.38362121582 251.670837402344 250.963073730469 248.312881469727 250.933700561523 253.181625366211 250.48078918457 245.230255126953 245.239074707031 247.798767089844 245.46598815918 248.098648071289 250.803024291992 252.940277099609 253.366638183594 245.463958740234 245.338577270508 237.526245117188 237.512176513672 245.555923461914 245.701553344727 245.176422119141 244.687347412109 244.70768737793 247.36653137207 253.033447265625 250.191024780273 250.661483764648 245.39778137207 240.810501098633 243.662368774414 248.314849853516
244.827697753906 247.84797668457 245.132720947266 242.325256347656 239.748153686523 232.230239868164 234.622039794922 240.643463134766 243.366577148438 240.620330810547 245.430892944336 239.813201904297 242.604187011719 245.538024902344 248.288558959961 253.941268920898 254.719635009766 250.210433959961 244.288986206055 244.07926940918 244.176712036133 245.816711425781 243.664352416992 251.080459594727 253.094772338867 250.304824829102 247.729843139648 247.692504882812 253.095977783203 248.120056152344 248.049331665039 250.309432983398 252.974075317383 250.174194335938 245.00439453125 240.352661132812 241.09928894043 243.162979125977 237.596817016602 237.498519897461 244.983703613281 241.440490722656 241.328796386719 250.035552978516 247.694961547852 245.329620361328 252.959289550781 242.818908691406 243.232666015625 240.971267700195 246
237.406295776367 243.211517333984 242.855102539062 242.495819091797 240.109634399414 235.172515869141 235.246002197266 237.791244506836 237.678207397461 235.84065246582 240.933135986328 245.265396118164 242.997207641602 248.32341003418 251.191528320312 249.077987670898 246.974960327148 247.072708129883 247.152389526367 242.039672851562 248.77702331543 254.350433349609 246.736831665039 246.248153686523 248.306350708008 247.872833251953 247.772689819336 245.052352905273 250.827865600586 250.872421264648 250.779525756836 250.270721435547 252.866012573242 247.58186340332 247.453643798828 245.589721679688 240.557281494141 240.417007446289 239.908142089844 239.276840209961 245.040573120117 251.833786010742 243.228576660156 243.792633056641 247.321014404297 241.872497558594 247.54328918457 245.458908081055 245.878677368164 246.274993896484 238.711166381836
237.901123046875 235.191772460938 235.340438842773 236.01025390625 240.586364746094 237.968460083008 237.993438720703 235.069107055664 237.745986938477 243.468353271484 238.643508911133 240.739059448242 242.936416625977 244.12434387207 241.992874145508 241.545455932617 244.283889770508 244.262237548828 247.112258911133 249.260162353516 251.309310913086 246.239639282227 239.411468505859 233.839736938477 238.679565429688 248.544799804688 250.811614990234 245.402603149414 242.703750610352 245.892974853516 245.771636962891 248.428039550781 245.279083251953 245.389129638672 245.269668579102 245.219787597656 238.617004394531 240.874282836914 240.685409545898 239.550979614258 239.629547119141 239.680892944336 236.814819335938 239.821807861328 247.686019897461 239.537902832031 239.66081237793 242.604568481445 242.547241210938 248.947143554688 241.584182739258
235.743804931641 235.802871704102 235.402404785156 238.376678466797 240.63639831543 235.582473754883 240.264556884766 240.26628112793 240.065063476562 240.140960693359 242.581649780273 245.331954956055 245.485244750977 248.643600463867 246.145141601562 238.915100097656 241.578750610352 241.075531005859 248.919464111328 248.738418579102 248.663864135742 244.086563110352 238.771224975586 238.668014526367 238.215484619141 243.198852539062 243.137161254883 243.113098144531 240.035018920898 235.085906982422 238.062286376953 246.117431640625 240.757995605469 243.156295776367 245.873947143555 248.728805541992 243.643661499023 242.802536010742 242.863906860352 237.878433227539 240.127960205078 242.497299194336 236.932022094727 237.376571655273 242.891784667969 242.136077880859 241.137191772461 238.803314208984 242.389617919922 240.674606323242 240.729507446289
227.923431396484 233.113693237305 233.611038208008 238.818893432617 246.127593994141 237.964462280273 238.041000366211 240.318603515625 237.680511474609 239.788421630859 239.837310791016 240.34016418457 245.317596435547 242.841293334961 240.484252929688 238.250213623047 237.977035522461 238.191207885742 246.630599975586 248.849426269531 246.472122192383 248.637771606445 241.191665649414 240.522842407227 232.548675537109 237.55598449707 237.388870239258 240.425506591797 240.443786621094 235.41227722168 235.631652832031 238.559860229492 238.561935424805 243.820098876953 248.97265625 243.769912719727 245.86735534668 245.845291137695 242.300506591797 245.115188598633 242.237731933594 234.479507446289 239.707138061523 234.765502929688 243.084182739258 243.078811645508 244.713684082031 240.611297607422 246.073455810547 241.065307617188 240.458450317383
228.327545166016 230.937423706055 228.658111572266 236.587066650391 246.084320068359 246.182647705078 245.760025024414 242.723983764648 242.372833251953 245.045761108398 240.474411010742 239.755065917969 239.746307373047 239.768463134766 239.729675292969 237.530807495117 240.3818359375 241.580200195312 244.934860229492 249.326156616211 248.909271240234 248.740814208984 248.172744750977 237.848434448242 240.112823486328 242.8583984375 240.487167358398 237.683242797852 237.779937744141 243.252868652344 240.898956298828 240.849502563477 238.10139465332 241.052322387695 238.7451171875 243.38671875 242.527770996094 248.141510009766 247.999633789062 245.441375732422 239.627838134766 242.717086791992 239.889175415039 237.70231628418 245.533538818359 243.471527099609 239.422958374023 241.692779541016 246.473968505859 248.533096313477 245.764923095703
235.019332885742 240.642639160156 236.031341552734 236.129638671875 245.636856079102 247.960388183594 247.908798217773 247.694290161133 244.999694824219 245.111602783203 240.537094116211 240.520523071289 240.398071289062 242.780944824219 237.571578979492 237.618255615234 240.390670776367 241.416046142578 241.931274414062 244.142669677734 246.517852783203 251.462127685547 242.882675170898 245.157089233398 242.865997314453 237.91471862793 235.510284423828 232.013656616211 235.110794067383 237.883193969727 241.074081420898 238.225448608398 235.846817016602 234.207412719727 234.359344482422 243.521102905273 245.643692016602 245.637268066406 245.549011230469 245.630676269531 245.866394042969 243.599853515625 238.599960327148 240.657943725586 235.875579833984 238.870742797852 236.498641967773 239.441955566406 244.109176635742 246.098968505859 248.614669799805
237.821395874023 240.801025390625 236.0625 236.096786499023 240.777648925781 242.965744018555 240.980575561523 242.676010131836 242.692886352539 240.355438232422 245.597518920898 243.717819213867 240.829971313477 238.049652099609 237.42204284668 240.255157470703 237.911102294922 240.791305541992 243.418228149414 243.359329223633 246.274429321289 249.026962280273 251.156402587891 250.437026977539 245.60041809082 240.201156616211 237.890869140625 229.866790771484 232.937438964844 238.288558959961 233.356948852539 238.220245361328 235.400588989258 243.571014404297 238.697494506836 238.945190429688 243.139221191406 243.659469604492 243.543975830078 243.730453491211 243.784133911133 246.043487548828 238.344360351562 241.492004394531 244.353424072266 244.313339233398 243.954025268555 241.870986938477 239.294311523438 241.675140380859 242.176849365234
235.553314208984 235.822341918945 241.210571289062 236.141387939453 238.899917602539 240.315490722656 243.202438354492 238.046569824219 240.980209350586 240.556076049805 238.200103759766 243.634368896484 238.347305297852 238.318771362305 240.646469116211 240.692428588867 237.83561706543 240.628997802734 243.316268920898 243.254791259766 243.180252075195 245.620635986328 248.205017089844 243.227340698242 240.177093505859 237.312973022461 232.316665649414 235.371688842773 240.062576293945 239.831481933594 235.558929443359 235.403228759766 237.650787353516 240.797409057617 243.327484130859 238.663711547852 237.913696289062 243.222366333008 237.586441040039 240.154739379883 245.925140380859 241.331527709961 245.868286132812 246.053817749023 242.056976318359 242.074737548828 241.348648071289 244.297424316406 246.553588867188 238.942916870117 239.736083984375
