pkg/usdm/inst/external/NDVI_season1.asc
NCOLS 279 
NROWS 320 
XLLCORNER 523900.453205175 
YLLCORNER 5622610.68929959 
CELLSIZE 1000 
NODATA_value -3.4e+38 
[rows 154 to 175 of 320, columns 150 to 199 of 279]
0.642273306846619 0.668077051639557 0.644867062568665 0.628662586212158 0.64001739025116 0.648694097995758 0.637470006942749 0.656224071979523 0.717134416103363 0.702705562114716 0.564588904380798 0.591847062110901 0.554066300392151 0.649386644363403 0.679017007350922 0.646506309509277 0.638935565948486 0.64710259437561 0.699841141700745 0.555688858032227 0.453249633312225 0.486492961645126 0.619304418563843 0.700475931167603 0.639181137084961 0.587640762329102 0.42931592464447 0.409591495990753 0.390521854162216 0.353637039661407 0.440741121768951 0.524366676807404 0.518683671951294 0.591295897960663 0.678479254245758 0.630840361118317 0.574071109294891 0.616945207118988 0.643589973449707 0.640220403671265 0.656950712203979 0.641211092472076 0.569988131523132 0.566413700580597 0.614708125591278 0.597628176212311 0.652637779712677 0.627308487892151 0.661029279232025 0.6560218334198
0.668118536472321 0.67572408914566 0.61570405960083 0.629759609699249 0.598301827907562 0.675069272518158 0.67539256811142 0.636503338813782 0.689002573490143 0.70008111000061 0.622270345687866 0.548985183238983 0.551351487636566 0.701895952224731 0.631852209568024 0.557374060153961 0.557024478912354 0.614298164844513 0.668612957000732 0.580337405204773 0.512660384178162 0.560884416103363 0.602009654045105 0.694682598114014 0.692573726177216 0.585724830627441 0.380388885736465 0.389960378408432 0.398691475391388 0.433917045593262 0.455074816942215 0.470361113548279 0.510022938251495 0.55233371257782 0.597686290740967 0.643173694610596 0.667003691196442 0.585501492023468 0.627747774124146 0.674023687839508 0.610421121120453 0.663876295089722 0.537910759449005 0.58083039522171 0.667661845684052 0.66688334941864 0.64356517791748 0.606974065303802 0.598909616470337 0.654524445533752
0.663845181465149 0.635132610797882 0.62148517370224 0.651470720767975 0.64511775970459 0.63553112745285 0.673618495464325 0.646221101284027 0.58306223154068 0.640136301517487 0.496697038412094 0.608898520469666 0.587372958660126 0.661839246749878 0.597765922546387 0.572578489780426 0.62277889251709 0.644164085388184 0.619502246379852 0.527698874473572 0.54070109128952 0.608058154582977 0.624352216720581 0.676078498363495 0.662491083145142 0.57285076379776 0.504379272460938 0.485074818134308 0.49363961815834 0.489547401666641 0.372304081916809 0.491866648197174 0.56716924905777 0.623580753803253 0.685025572776794 0.711108863353729 0.723154842853546 0.682723343372345 0.678530395030975 0.620865523815155 0.64523446559906 0.643490374088287 0.513037025928497 0.445360749959946 0.487614065408707 0.619017779827118 0.617028534412384 0.662957012653351 0.696943342685699 0.675251841545105
0.673857033252716 0.666675209999084 0.690603733062744 0.644718885421753 0.472575932741165 0.591725587844849 0.647909283638 0.695712566375732 0.619110405445099 0.603781878948212 0.636522591114044 0.570451855659485 0.604287028312683 0.607677400112152 0.688246667385101 0.590543329715729 0.593302965164185 0.485550373792648 0.622627377510071 0.619337797164917 0.575980365276337 0.65746408700943 0.68294221162796 0.685837805271149 0.59080445766449 0.560768902301788 0.577313721179962 0.565358519554138 0.529569983482361 0.400346308946609 0.481632947921753 0.63906329870224 0.680360019207001 0.628701865673065 0.696962594985962 0.72058779001236 0.692158162593842 0.671590030193329 0.669909238815308 0.593786656856537 0.636033356189728 0.647679269313812 0.716300010681152 0.646047413349152 0.556049644947052 0.66463965177536 0.650628864765167 0.681637048721313 0.714361131191254 0.587393343448639
0.660473704338074 0.680034101009369 0.700538873672485 0.621648550033569 0.589064061641693 0.628365933895111 0.61078667640686 0.618399977684021 0.582772970199585 0.669729232788086 0.59594851732254 0.636773347854614 0.585288882255554 0.621201515197754 0.74700665473938 0.319238901138306 0.283249616622925 0.471597045660019 0.600449979305267 0.517604470252991 0.531167805194855 0.604189991950989 0.67486184835434 0.671705543994904 0.661389231681824 0.646312594413757 0.690581083297729 0.648972988128662 0.585751831531525 0.56897109746933 0.62823224067688 0.629439651966095 0.686128914356232 0.687907755374908 0.697599649429321 0.661476314067841 0.659749627113342 0.653177797794342 0.717006683349609 0.680921494960785 0.64240962266922 0.588024795055389 0.679805934429169 0.625896632671356 0.489455193281174 0.556569278240204 0.556205928325653 0.640708863735199 0.665611863136292 0.615982592105865
0.638419628143311 0.636174082756042 0.640342593193054 0.631675899028778 0.574834048748016 0.512832224369049 0.615582585334778 0.695197403430939 0.650391101837158 0.656789600849152 0.604657053947449 0.674716651439667 0.68856555223465 0.715096652507782 0.657925188541412 0.623148143291473 0.604904055595398 0.582996666431427 0.631757438182831 0.446978509426117 0.470615923404694 0.576522588729858 0.660512208938599 0.647759974002838 0.601668894290924 0.687563359737396 0.711449265480042 0.597606301307678 0.573298156261444 0.557410001754761 0.550866305828094 0.626183688640594 0.630649268627167 0.681223332881927 0.670462608337402 0.667601823806763 0.708632588386536 0.721909642219543 0.720027804374695 0.710097789764404 0.644431114196777 0.585066676139832 0.608589291572571 0.652110755443573 0.373884826898575 0.515419244766235 0.625731110572815 0.648323357105255 0.660658895969391 0.71971333026886
0.707492589950562 0.682583332061768 0.578001856803894 0.47967740893364 0.443887412548065 0.519769608974457 0.694207012653351 0.699783325195312 0.691810011863708 0.646382212638855 0.636224806308746 0.542283713817596 0.603408873081207 0.689918518066406 0.707922220230103 0.665754437446594 0.594675183296204 0.499066650867462 0.53013664484024 0.421394437551498 0.519296288490295 0.607991874217987 0.668109655380249 0.624188125133514 0.687384426593781 0.685102939605713 0.686240375041962 0.66969221830368 0.59876960515976 0.566677033901215 0.551695942878723 0.559455573558807 0.62739223241806 0.627930402755737 0.669145166873932 0.723391115665436 0.689134418964386 0.673294425010681 0.703392207622528 0.67106294631958 0.679351091384888 0.637011468410492 0.66347998380661 0.600429236888885 0.421923339366913 0.507559597492218 0.60867702960968 0.666878879070282 0.713075578212738 0.705902993679047
0.676382958889008 0.69277960062027 0.694916307926178 0.606665194034576 0.671968877315521 0.688555181026459 0.659811496734619 0.668925166130066 0.620141506195068 0.66702663898468 0.691028118133545 0.623372614383698 0.631057381629944 0.647223711013794 0.611412227153778 0.56455260515213 0.524456679821014 0.421251118183136 0.430029988288879 0.351001113653183 0.47938334941864 0.642841100692749 0.66669112443924 0.634902238845825 0.715585172176361 0.688946664333344 0.700906276702881 0.707804083824158 0.656525552272797 0.62624853849411 0.640908539295197 0.632812976837158 0.592798173427582 0.690672218799591 0.703929245471954 0.700953722000122 0.702969253063202 0.668688118457794 0.665627062320709 0.665270388126373 0.686395943164825 0.699305176734924 0.694398164749146 0.631476283073425 0.373996675014496 0.490414440631866 0.501301825046539 0.580801844596863 0.666607797145844 0.716348171234131
0.628128886222839 0.634955585002899 0.550299227237701 0.510443687438965 0.618030726909637 0.711149632930756 0.662342607975006 0.620715200901031 0.695302963256836 0.665757775306702 0.697008907794952 0.638248860836029 0.681819260120392 0.693760395050049 0.574588119983673 0.556671142578125 0.405216306447983 0.314912587404251 0.45630407333374 0.428657412528992 0.469082951545715 0.637871503829956 0.653755187988281 0.604132235050201 0.678301095962524 0.671482980251312 0.70219224691391 0.699554800987244 0.673913359642029 0.649827063083649 0.657795548439026 0.678130745887756 0.649505198001862 0.613547801971436 0.665601849555969 0.713811874389648 0.724870026111603 0.731238126754761 0.682073712348938 0.686091840267181 0.717480361461639 0.68076479434967 0.669973313808441 0.488329619169235 0.501902222633362 0.502225160598755 0.45812925696373 0.489526659250259 0.59035849571228 0.724718868732452
0.715562582015991 0.698170006275177 0.48923334479332 0.392859637737274 0.441986680030823 0.711853682994843 0.671331822872162 0.682874441146851 0.69831109046936 0.692657053470612 0.693828523159027 0.663768529891968 0.671843707561493 0.670642614364624 0.567735910415649 0.553199231624603 0.527403354644775 0.481531113386154 0.57970929145813 0.561573684215546 0.555767416954041 0.630419254302979 0.630041837692261 0.606079280376434 0.599060356616974 0.628328144550323 0.68886262178421 0.692409992218018 0.646596312522888 0.654071509838104 0.715592563152313 0.669931828975677 0.564703345298767 0.692984819412231 0.682857036590576 0.649544835090637 0.657149612903595 0.697581827640533 0.688390374183655 0.687449634075165 0.659112215042114 0.614034056663513 0.659006297588348 0.566876649856567 0.536210358142853 0.511642217636108 0.518621504306793 0.652266263961792 0.66721111536026 0.681165158748627
0.739880740642548 0.675977766513824 0.50195038318634 0.599541485309601 0.69905298948288 0.666637420654297 0.669806659221649 0.657805204391479 0.691406309604645 0.683789968490601 0.648386299610138 0.694015204906464 0.65679407119751 0.662761867046356 0.688208162784576 0.611990392208099 0.563191473484039 0.611909985542297 0.619569599628448 0.657736659049988 0.668687403202057 0.568229615688324 0.576874077320099 0.576229274272919 0.576215207576752 0.579931497573853 0.633890748023987 0.701272964477539 0.660097777843475 0.666737794876099 0.665561139583588 0.661425530910492 0.557183682918549 0.67544960975647 0.655792236328125 0.601561486721039 0.622490346431732 0.629544079303741 0.634129285812378 0.683821499347687 0.665647804737091 0.645907759666443 0.657944083213806 0.657944440841675 0.498368144035339 0.468739986419678 0.505957007408142 0.662175953388214 0.712358891963959 0.736022233963013
0.710414052009583 0.619172215461731 0.728357017040253 0.676821827888489 0.686877429485321 0.673112988471985 0.684131860733032 0.674721837043762 0.685124456882477 0.687162220478058 0.661010026931763 0.653028130531311 0.589072942733765 0.71078222990036 0.728550732135773 0.629530370235443 0.655610382556915 0.551174819469452 0.559551119804382 0.608061850070953 0.530539631843567 0.55036336183548 0.582725942134857 0.627229988574982 0.622835576534271 0.619970381259918 0.668127059936523 0.607230722904205 0.553060352802277 0.623769640922546 0.644377768039703 0.660637438297272 0.638380765914917 0.619364798069 0.630536317825317 0.419709622859955 0.522971093654633 0.603119611740112 0.664886295795441 0.677229285240173 0.674027800559998 0.687595188617706 0.614331483840942 0.662288129329681 0.624361455440521 0.563608527183533 0.576301872730255 0.676665902137756 0.664348542690277 0.626835584640503
0.728776633739471 0.746986269950867 0.702375948429108 0.683485567569733 0.670503675937653 0.662004053592682 0.581290721893311 0.649400770664215 0.643282234668732 0.637413680553436 0.528625190258026 0.622715175151825 0.632064461708069 0.65786075592041 0.667842984199524 0.601078867912292 0.680923700332642 0.59029483795166 0.613560378551483 0.696139633655548 0.625192224979401 0.600806653499603 0.524235546588898 0.557552218437195 0.579244077205658 0.618023335933685 0.649886667728424 0.664458513259888 0.582544445991516 0.66265594959259 0.627980351448059 0.655190348625183 0.644362568855286 0.666380763053894 0.627954840660095 0.477619618177414 0.609329283237457 0.642120718955994 0.698622226715088 0.687000393867493 0.640240013599396 0.529150009155273 0.611831843852997 0.626945555210114 0.627730011940002 0.5713170170784 0.611010372638702 0.625963687896729 0.683855950832367 0.633534789085388
0.665724456310272 0.700371086597443 0.694774806499481 0.680937767028809 0.692592978477478 0.584752976894379 0.581835210323334 0.623616695404053 0.620812952518463 0.639477014541626 0.613475203514099 0.637619614601135 0.698118150234222 0.609963715076447 0.667546689510345 0.586008489131927 0.587852239608765 0.664572954177856 0.63321441411972 0.602642595767975 0.654428899288177 0.568173706531525 0.371745556592941 0.362664818763733 0.584975898265839 0.678892195224762 0.671404838562012 0.679107427597046 0.551474452018738 0.603606283664703 0.641875207424164 0.633701503276825 0.667160749435425 0.662513732910156 0.680987775325775 0.710282981395721 0.666098535060883 0.639757037162781 0.723392963409424 0.623719990253448 0.639321506023407 0.552249252796173 0.574587404727936 0.624587774276733 0.630116641521454 0.671504080295563 0.642641842365265 0.659119248390198 0.655868887901306 0.653832972049713
0.699376285076141 0.630728125572205 0.706625580787659 0.678189277648926 0.619576275348663 0.480981856584549 0.655425190925598 0.700281143188477 0.638860762119293 0.578012943267822 0.573268890380859 0.667009651660919 0.66798335313797 0.648331105709076 0.734656274318695 0.622779607772827 0.644945561885834 0.671035170555115 0.702946662902832 0.59579998254776 0.616152942180634 0.500451862812042 0.403001844882965 0.479625195264816 0.6949263215065 0.681678891181946 0.590658128261566 0.515188872814178 0.567589282989502 0.68626481294632 0.661485552787781 0.592338144779205 0.673146665096283 0.708966672420502 0.738876640796661 0.682230353355408 0.657415568828583 0.632164061069489 0.704075932502747 0.643212616443634 0.658771097660065 0.625857412815094 0.566821813583374 0.63716334104538 0.510549247264862 0.490407764911652 0.541841864585876 0.601734817028046 0.685925543308258 0.704905152320862
0.571408867835999 0.655385911464691 0.667811870574951 0.650528132915497 0.628819644451141 0.592085540294647 0.597894072532654 0.600215196609497 0.595375895500183 0.524125576019287 0.553531467914581 0.658075571060181 0.721113324165344 0.685715556144714 0.705403685569763 0.488109618425369 0.62853330373764 0.656544804573059 0.69327187538147 0.491633713245392 0.55611926317215 0.550576686859131 0.551782608032227 0.572978138923645 0.606797397136688 0.590350389480591 0.551702201366425 0.57187557220459 0.68058854341507 0.745281100273132 0.679115533828735 0.668279230594635 0.710428893566132 0.703862607479095 0.707170724868774 0.709872245788574 0.688875913619995 0.642751097679138 0.63687926530838 0.634448528289795 0.640937745571136 0.578607380390167 0.706080377101898 0.695809602737427 0.560752213001251 0.614923298358917 0.651215195655823 0.601179242134094 0.648286640644073 0.657672226428986
0.546339631080627 0.636619627475739 0.633757412433624 0.62199854850769 0.669162213802338 0.693056285381317 0.645865559577942 0.578006684780121 0.621915936470032 0.542754471302032 0.569536685943604 0.565368890762329 0.659927427768707 0.658868908882141 0.629788875579834 0.687624096870422 0.643911480903625 0.701145172119141 0.490204811096191 0.526439249515533 0.60488373041153 0.478260010480881 0.563496291637421 0.618403732776642 0.568220376968384 0.563779234886169 0.535647034645081 0.541548907756805 0.67699259519577 0.695336639881134 0.704043686389923 0.616560757160187 0.664597392082214 0.68119889497757 0.676327049732208 0.694273710250854 0.678367018699646 0.682959616184235 0.544261872768402 0.668385565280914 0.575507402420044 0.575477063655853 0.623991131782532 0.714254438877106 0.687366306781769 0.705561101436615 0.660210371017456 0.615314841270447 0.617024064064026 0.6635622382164
0.719840347766876 0.669171094894409 0.600611090660095 0.654184460639954 0.649223685264587 0.69400554895401 0.674471139907837 0.59597259759903 0.639092564582825 0.659526646137238 0.584306299686432 0.561047792434692 0.586084067821503 0.62490850687027 0.539133310317993 0.664516270160675 0.706757009029388 0.669109284877777 0.518234074115753 0.54308295249939 0.452142596244812 0.532439649105072 0.544426679611206 0.574312925338745 0.529959619045258 0.554819643497467 0.518869996070862 0.533398151397705 0.528164088726044 0.648891508579254 0.613395571708679 0.48593407869339 0.448728144168854 0.538609266281128 0.623284101486206 0.65836775302887 0.643232941627502 0.625330030918121 0.507304072380066 0.484362959861755 0.619079232215881 0.654578149318695 0.639155209064484 0.623088896274567 0.680441856384277 0.677166640758514 0.648938536643982 0.613517761230469 0.641451120376587 0.65826553106308
0.640594840049744 0.70134961605072 0.631692945957184 0.671244084835052 0.663357019424438 0.678239285945892 0.614792585372925 0.547073304653168 0.605964839458466 0.533171117305756 0.556799650192261 0.5652214884758 0.664343297481537 0.598197400569916 0.719992578029633 0.662384808063507 0.588732242584229 0.571802973747253 0.497860372066498 0.469354450702667 0.506816327571869 0.653887391090393 0.511823356151581 0.436934441328049 0.512240767478943 0.572153329849243 0.53846001625061 0.672497034072876 0.676717400550842 0.617922604084015 0.555787801742554 0.381904453039169 0.513125538825989 0.6603644490242 0.596113324165344 0.590871095657349 0.673498511314392 0.581768155097961 0.59099668264389 0.481286287307739 0.483317404985428 0.584616661071777 0.556870341300964 0.57361775636673 0.553486287593842 0.559861123561859 0.645757436752319 0.678581833839417 0.658395528793335 0.656444430351257
0.653280377388 0.51534628868103 0.549134075641632 0.641302227973938 0.616833329200745 0.534033715724945 0.473501473665237 0.430819630622864 0.397303342819214 0.367220371961594 0.565498888492584 0.599526286125183 0.546645939350128 0.529732584953308 0.648063719272614 0.645308494567871 0.633551120758057 0.579326272010803 0.50591629743576 0.452794075012207 0.563156306743622 0.627078533172607 0.633041501045227 0.594699263572693 0.599949240684509 0.551510751247406 0.577581107616425 0.603438854217529 0.661343693733215 0.606044054031372 0.555722594261169 0.565972566604614 0.671438872814178 0.703569233417511 0.578175902366638 0.584597408771515 0.607291102409363 0.60648113489151 0.598483324050903 0.602258861064911 0.518449604511261 0.602984428405762 0.540406286716461 0.606827795505524 0.562952935695648 0.538878500461578 0.591263711452484 0.662344813346863 0.656651496887207 0.640449285507202
0.429430365562439 0.384541481733322 0.52118706703186 0.646266639232635 0.616201102733612 0.46061185002327 0.457817792892456 0.462289273738861 0.375416308641434 0.438175916671753 0.54803854227066 0.657489657402039 0.549138128757477 0.555429995059967 0.622904062271118 0.713775932788849 0.631579995155334 0.620722949504852 0.564593315124512 0.626398861408234 0.562980771064758 0.618727803230286 0.619882583618164 0.582354426383972 0.530432224273682 0.658957064151764 0.641494452953339 0.673680782318115 0.736271500587463 0.649825930595398 0.470525175333023 0.554774463176727 0.589512944221497 0.574293673038483 0.569251835346222 0.603395164012909 0.54688036441803 0.640164077281952 0.614012241363525 0.59734034538269 0.521011829376221 0.491041839122772 0.496322602033615 0.579350352287292 0.617957413196564 0.57397186756134 0.560714840888977 0.637924432754517 0.629110753536224 0.561525940895081
0.399428904056549 0.343928903341293 0.493534833192825 0.604122936725616 0.631645560264587 0.438881486654282 0.331615567207336 0.436509996652603 0.422836661338806 0.450573712587357 0.507728517055511 0.616709649562836 0.585692942142487 0.608435928821564 0.639077007770538 0.649952948093414 0.505290746688843 0.541410028934479 0.58725368976593 0.56581038236618 0.580107033252716 0.606969237327576 0.639579236507416 0.611741840839386 0.605324804782867 0.589572608470917 0.601180732250214 0.698602199554443 0.684684455394745 0.694169998168945 0.633428156375885 0.585222601890564 0.572286307811737 0.552302956581116 0.54110848903656 0.470252215862274 0.473798900842667 0.633605539798737 0.680764079093933 0.608405947685242 0.484187394380569 0.437458515167236 0.529103696346283 0.626125574111938 0.584055185317993 0.523448526859283 0.575530350208282 0.524943351745605 0.588818490505219 0.619236290454865
