pkg/usdm/inst/external/NDVI_season3.asc
NCOLS 279 
NROWS 320 
XLLCORNER 523900.453205175 
YLLCORNER 5622610.68929959 
CELLSIZE 1000 
NODATA_value -3.4e+38 
[rows 110 to 131 of 320, columns 200 to 249 of 279]
0.818190395832062 0.817058145999908 0.814769983291626 0.828461110591888 0.826006293296814 0.838633716106415 0.846708536148071 0.823830008506775 0.826577067375183 0.821286678314209 0.766220390796661 0.795670390129089 0.777654469013214 0.769574820995331 0.766034424304962 0.747164070606232 0.793542563915253 0.80595999956131 0.77246630191803 0.73875892162323 0.753287434577942 0.780518174171448 0.714016675949097 0.772730767726898 0.811398863792419 0.81502890586853 0.800421476364136 0.81066632270813 0.802975952625275 0.768698871135712 -3.4e+38 -3.4e+38 -3.4e+38 -3.4e+38 -3.4e+38 -3.4e+38 -3.4e+38 -3.4e+38 -3.4e+38 -3.4e+38 -3.4e+38 -3.4e+38 -3.4e+38 -3.4e+38 -3.4e+38 -3.4e+38 -3.4e+38 -3.4e+38 -3.4e+38 -3.4e+38
0.813323318958282 0.82273256778717 0.832247793674469 0.819624841213226 0.83374035358429 0.836498916149139 0.840705931186676 0.828130006790161 0.833608150482178 0.828225910663605 0.764343321323395 0.79203850030899 0.784493327140808 0.793366670608521 0.765889286994934 0.730555176734924 0.797739624977112 0.780927062034607 0.764626681804657 0.743407785892487 0.588524460792542 0.643037021160126 0.610895574092865 0.806972563266754 0.821451842784882 0.802460730075836 0.789703726768494 0.800573348999023 0.787911117076874 0.786746323108673 0.764607429504395 -3.4e+38 -3.4e+38 -3.4e+38 -3.4e+38 -3.4e+38 -3.4e+38 -3.4e+38 -3.4e+38 -3.4e+38 -3.4e+38 -3.4e+38 -3.4e+38 -3.4e+38 -3.4e+38 -3.4e+38 -3.4e+38 -3.4e+38 -3.4e+38 -3.4e+38
0.832390367984772 0.824264049530029 0.829322576522827 0.824896693229675 0.840590715408325 0.833859980106354 0.813906669616699 0.825154066085815 0.80312591791153 0.780430734157562 0.76958441734314 0.784672617912292 0.789574801921844 0.802106320858002 0.790439248085022 0.764098882675171 0.802960753440857 0.841734051704407 0.791026651859283 0.778693318367004 0.753608524799347 0.758809626102448 0.747020721435547 0.779862582683563 0.731229662895203 0.782831132411957 0.801732957363129 0.804092586040497 0.795026659965515 -3.4e+38 -3.4e+38 -3.4e+38 -3.4e+38 -3.4e+38 -3.4e+38 -3.4e+38 -3.4e+38 -3.4e+38 -3.4e+38 -3.4e+38 -3.4e+38 -3.4e+38 -3.4e+38 -3.4e+38 -3.4e+38 -3.4e+38 -3.4e+38 -3.4e+38 -3.4e+38 -3.4e+38
0.825860381126404 0.831797420978546 0.826852202415466 0.831412196159363 0.833531856536865 0.814840018749237 0.809572219848633 0.797111511230469 0.794904828071594 0.809821128845215 0.798886656761169 0.786040723323822 0.783068895339966 0.799092948436737 0.794348120689392 0.789968907833099 0.777795553207397 0.791105210781097 0.783956289291382 0.807418882846832 0.790829241275787 0.773659646511078 0.63021183013916 0.751682937145233 0.782679975032806 0.769746661186218 -3.4e+38 -3.4e+38 -3.4e+38 -3.4e+38 -3.4e+38 -3.4e+38 -3.4e+38 -3.4e+38 -3.4e+38 -3.4e+38 -3.4e+38 -3.4e+38 -3.4e+38 -3.4e+38 -3.4e+38 -3.4e+38 -3.4e+38 -3.4e+38 -3.4e+38 -3.4e+38 -3.4e+38 -3.4e+38 -3.4e+38 -3.4e+38
0.819521486759186 0.821655213832855 0.82902592420578 0.832457780838013 0.816244065761566 0.797251462936401 0.779905200004578 0.816843330860138 0.802399635314941 0.794762253761292 0.808467388153076 0.790705919265747 0.809621453285217 0.811915934085846 0.793638527393341 0.751760721206665 0.857723712921143 0.808585941791534 0.786447048187256 0.802923321723938 0.775418877601624 0.781184077262878 0.792496681213379 0.795514822006226 0.812665164470673 0.794068872928619 0.741049230098724 -3.4e+38 -3.4e+38 -3.4e+38 -3.4e+38 -3.4e+38 -3.4e+38 -3.4e+38 -3.4e+38 -3.4e+38 -3.4e+38 -3.4e+38 -3.4e+38 -3.4e+38 -3.4e+38 -3.4e+38 -3.4e+38 -3.4e+38 -3.4e+38 -3.4e+38 -3.4e+38 -3.4e+38 -3.4e+38 -3.4e+38
0.809715926647186 0.817957043647766 0.82948112487793 0.822860717773438 0.809865534305573 0.778825163841248 0.811802983283997 0.785995900630951 0.824822604656219 0.787965178489685 0.794091105461121 0.823070764541626 0.794342935085297 0.79263961315155 0.820479273796082 0.845296323299408 0.840836644172668 0.852797031402588 0.812115550041199 0.810568153858185 0.769173681735992 0.768265545368195 0.802239656448364 0.793855547904968 0.800375163555145 0.826262593269348 0.822977781295776 -3.4e+38 -3.4e+38 -3.4e+38 -3.4e+38 -3.4e+38 -3.4e+38 -3.4e+38 -3.4e+38 -3.4e+38 -3.4e+38 -3.4e+38 -3.4e+38 -3.4e+38 -3.4e+38 -3.4e+38 -3.4e+38 -3.4e+38 -3.4e+38 -3.4e+38 -3.4e+38 -3.4e+38 -3.4e+38 -3.4e+38
0.791288912296295 0.803986310958862 0.810283720493317 0.832109272480011 0.828054785728455 0.804242610931396 0.790731132030487 0.790474414825439 0.746131837368011 0.803538501262665 0.814847052097321 0.78629332780838 0.803975164890289 0.797142207622528 0.826875925064087 0.817977786064148 0.835192620754242 0.79831850528717 0.781688511371613 0.790915906429291 0.763617396354675 0.727550029754639 0.805643320083618 0.796573340892792 0.795613348484039 0.807743310928345 0.748540759086609 0.747142612934113 -3.4e+38 -3.4e+38 -3.4e+38 -3.4e+38 -3.4e+38 -3.4e+38 -3.4e+38 -3.4e+38 -3.4e+38 -3.4e+38 -3.4e+38 -3.4e+38 -3.4e+38 -3.4e+38 -3.4e+38 -3.4e+38 -3.4e+38 -3.4e+38 -3.4e+38 -3.4e+38 -3.4e+38 -3.4e+38
0.7832111120224 0.782344460487366 0.791716635227203 0.817205190658569 0.810570001602173 0.823977768421173 0.809996664524078 0.672905564308167 0.543536305427551 0.789572238922119 0.80614298582077 0.809422194957733 0.81564849615097 0.798544824123383 0.823278486728668 0.810787737369537 0.803529620170593 0.783558130264282 0.775646686553955 0.784475207328796 0.764445543289185 0.791245937347412 0.803520739078522 0.808372616767883 0.820006310939789 0.796603322029114 0.746270000934601 0.666952192783356 -3.4e+38 -3.4e+38 -3.4e+38 -3.4e+38 -3.4e+38 -3.4e+38 -3.4e+38 -3.4e+38 -3.4e+38 -3.4e+38 -3.4e+38 -3.4e+38 -3.4e+38 -3.4e+38 -3.4e+38 -3.4e+38 -3.4e+38 -3.4e+38 -3.4e+38 -3.4e+38 -3.4e+38 -3.4e+38
0.793954432010651 0.799644470214844 0.797524094581604 0.81032407283783 0.816866278648376 0.813704788684845 0.781423687934875 0.633603692054749 0.62609851360321 0.788132190704346 0.803363680839539 0.744261085987091 0.828364431858063 0.824930012226105 0.795154094696045 0.805394053459167 0.788251459598541 0.765385568141937 0.746327042579651 0.773077785968781 0.787391841411591 0.796715557575226 0.789071500301361 0.768961131572723 0.797950029373169 0.781135559082031 0.639875173568726 0.505550384521484 -3.4e+38 -3.4e+38 -3.4e+38 -3.4e+38 -3.4e+38 -3.4e+38 -3.4e+38 -3.4e+38 -3.4e+38 -3.4e+38 -3.4e+38 -3.4e+38 -3.4e+38 -3.4e+38 -3.4e+38 -3.4e+38 -3.4e+38 -3.4e+38 -3.4e+38 -3.4e+38 -3.4e+38 -3.4e+38
0.823034107685089 0.829631865024567 0.814368903636932 0.813317060470581 0.833692967891693 0.803422570228577 0.848978877067566 0.811563730239868 0.788533329963684 0.838237762451172 0.781699657440186 0.729008138179779 0.835358917713165 0.825236320495605 0.806010365486145 0.807752251625061 0.779344439506531 0.78070479631424 0.747787415981293 0.780837774276733 0.801734089851379 0.800611138343811 0.79924738407135 0.785959601402283 0.768949270248413 0.770480394363403 0.671261131763458 0.698376655578613 -3.4e+38 -3.4e+38 -3.4e+38 -3.4e+38 -3.4e+38 -3.4e+38 -3.4e+38 -3.4e+38 -3.4e+38 -3.4e+38 -3.4e+38 -3.4e+38 -3.4e+38 -3.4e+38 -3.4e+38 -3.4e+38 -3.4e+38 -3.4e+38 -3.4e+38 -3.4e+38 -3.4e+38 -3.4e+38
0.836946666240692 0.821185529232025 0.82951408624649 0.849233329296112 0.831589639186859 0.821719229221344 0.815962195396423 0.812507033348083 0.834203362464905 0.847202956676483 0.847454428672791 0.830172598361969 0.84228777885437 0.839911103248596 0.810835540294647 0.768117427825928 0.776424825191498 0.815618872642517 0.764594078063965 0.802202582359314 0.803990006446838 0.782379984855652 0.786210358142853 0.800872564315796 0.766257405281067 0.713325202465057 0.75642591714859 0.771615922451019 -3.4e+38 -3.4e+38 -3.4e+38 -3.4e+38 -3.4e+38 -3.4e+38 -3.4e+38 -3.4e+38 -3.4e+38 -3.4e+38 -3.4e+38 -3.4e+38 -3.4e+38 -3.4e+38 -3.4e+38 -3.4e+38 -3.4e+38 -3.4e+38 -3.4e+38 -3.4e+38 -3.4e+38 -3.4e+38
0.822239637374878 0.823873698711395 0.813293695449829 0.810604095458984 0.796047806739807 0.818761467933655 0.82391631603241 0.80786257982254 0.823815166950226 0.834887385368347 0.836348116397858 0.845257043838501 0.819943726062775 0.835594832897186 0.819066286087036 0.813461482524872 0.81361335515976 0.811904430389404 0.782106697559357 0.794024467468262 0.813911855220795 0.779907047748566 0.765055537223816 0.746395528316498 0.779043316841125 0.743910014629364 0.783763706684113 0.786145210266113 -3.4e+38 -3.4e+38 -3.4e+38 -3.4e+38 -3.4e+38 -3.4e+38 -3.4e+38 -3.4e+38 -3.4e+38 -3.4e+38 -3.4e+38 -3.4e+38 -3.4e+38 -3.4e+38 -3.4e+38 -3.4e+38 -3.4e+38 -3.4e+38 -3.4e+38 -3.4e+38 -3.4e+38 -3.4e+38
0.809571087360382 0.833102583885193 0.822954833507538 0.802301108837128 0.80126816034317 0.789854466915131 0.796730756759644 0.805134832859039 0.819310009479523 0.816217422485352 0.835417032241821 0.85475480556488 0.824427008628845 0.820138871669769 0.805888175964355 0.80940443277359 0.798657417297363 0.797509610652924 0.788941860198975 0.805577039718628 0.790043354034424 0.777014434337616 0.761761844158173 0.765994429588318 0.802634060382843 0.768844425678253 0.8177570104599 0.798805952072144 0.75006890296936 0.801645159721375 0.781157433986664 0.777959644794464 -3.4e+38 -3.4e+38 -3.4e+38 -3.4e+38 -3.4e+38 -3.4e+38 -3.4e+38 -3.4e+38 -3.4e+38 -3.4e+38 -3.4e+38 -3.4e+38 -3.4e+38 -3.4e+38 -3.4e+38 0.798181116580963 0.794461846351624 -3.4e+38
0.844043731689453 0.84988260269165 0.814979612827301 0.812751829624176 0.801116645336151 0.787443697452545 0.808906316757202 0.744338154792786 0.793861508369446 0.804771840572357 0.809441864490509 0.810750007629395 0.804547429084778 0.750592589378357 0.778681457042694 0.795938491821289 0.798011481761932 0.779791116714478 0.786591470241547 0.798334062099457 0.781078517436981 0.776955902576447 0.68128776550293 0.799137771129608 0.774526298046112 0.767755210399628 0.798924803733826 0.797181844711304 0.755737066268921 0.801918864250183 0.800806283950806 0.804038882255554 0.790580034255981 0.750399231910706 0.698126673698425 0.721667408943176 0.666170358657837 0.787176668643951 -3.4e+38 -3.4e+38 -3.4e+38 -3.4e+38 -3.4e+38 -3.4e+38 -3.4e+38 -3.4e+38 0.814322948455811 0.821575164794922 0.798488914966583 -3.4e+38
0.829448878765106 0.825144827365875 0.816254794597626 0.804724097251892 0.806046664714813 0.822129607200623 0.844608545303345 0.824566304683685 0.793877422809601 0.802587032318115 0.807765185832977 0.818432986736298 0.783544063568115 0.698428153991699 0.7082559466362 0.799770712852478 0.813425183296204 0.670257389545441 0.658851504325867 0.78298556804657 0.806754469871521 0.74776816368103 0.726439237594604 0.815486311912537 0.805433332920074 0.785098493099213 0.789059281349182 0.774325549602509 0.793128907680511 0.798761129379272 0.813468515872955 0.815968155860901 0.811394453048706 0.807032942771912 0.778599619865417 0.771029233932495 0.754230737686157 0.812057793140411 0.800519645214081 0.80538147687912 -3.4e+38 -3.4e+38 -3.4e+38 -3.4e+38 -3.4e+38 0.799624085426331 0.802362978458405 0.813589632511139 0.821539640426636 -3.4e+38
0.823080360889435 0.812781870365143 0.79720664024353 0.82087516784668 0.803792238235474 0.796875953674316 0.757881462574005 0.793825924396515 0.766594052314758 0.812680721282959 0.806996285915375 0.821445941925049 0.81923520565033 0.809526681900024 0.806897759437561 0.794229984283447 0.776074826717377 0.678004086017609 0.564388155937195 0.774589598178864 0.800642967224121 0.802618145942688 0.768100380897522 0.797138869762421 0.809182584285736 0.80394035577774 0.807494819164276 0.811778128147125 0.805481493473053 0.787522256374359 0.790947437286377 0.810786306858063 0.789727032184601 0.803903698921204 0.77984631061554 0.78973776102066 0.801022946834564 0.794661104679108 0.821444809436798 0.8104248046875 0.79982852935791 0.818878173828125 -3.4e+38 -3.4e+38 0.802661120891571 0.814703345298767 0.800040364265442 0.809218883514404 0.793515563011169 -3.4e+38
0.789206266403198 0.794487059116364 0.67242443561554 0.756022989749908 0.787144422531128 0.788352966308594 0.80695778131485 0.797765910625458 0.797119975090027 0.803464412689209 0.806405901908875 0.819139242172241 0.808442950248718 0.815517783164978 0.807023704051971 0.788635551929474 0.809537768363953 0.809445559978485 0.816774070262909 0.769934833049774 0.826241850852966 0.823934435844421 0.815780758857727 0.810419976711273 0.812124848365784 0.803502976894379 0.804178178310394 0.803625166416168 0.81575334072113 0.801091134548187 0.801228523254395 0.802147388458252 0.795651495456696 0.798389256000519 0.794256687164307 0.78730034828186 0.812615573406219 0.806566298007965 0.825981497764587 0.826504051685333 0.830709636211395 0.821151852607727 0.811844825744629 0.808567047119141 0.797111511230469 0.80722039937973 0.782231092453003 0.789969980716705 0.759761452674866 0.741051137447357
0.783327043056488 0.798479974269867 0.724509656429291 0.814737379550934 0.812733352184296 0.799799978733063 0.789801120758057 0.793398916721344 0.813225924968719 0.808640718460083 0.805479645729065 0.815548121929169 0.805007755756378 0.810213685035706 0.819493353366852 0.80493038892746 0.788592934608459 0.804945528507233 0.829501092433929 0.798900365829468 0.812234818935394 0.8187096118927 0.813841104507446 0.802185952663422 0.809261500835419 0.795944094657898 0.800111830234528 0.807631134986877 0.806589603424072 0.788517415523529 0.800548136234283 0.806256651878357 0.815083682537079 0.814647018909454 0.818815946578979 0.808404445648193 0.818724453449249 0.834278881549835 0.804976642131805 0.814239263534546 0.815103352069855 0.805750370025635 0.806956648826599 0.817765951156616 0.80116480588913 0.789414048194885 0.777104079723358 0.776843726634979 0.800148546695709 0.788171827793121
0.799972236156464 0.807644844055176 0.798875570297241 0.80761593580246 0.794965207576752 0.816893696784973 0.809389650821686 0.805438876152039 0.808458507061005 0.802597045898438 0.791526317596436 0.8121377825737 0.815689265727997 0.812374830245972 0.813548505306244 0.811819612979889 0.802555561065674 0.814109265804291 0.819819986820221 0.816047012805939 0.80684369802475 0.813604831695557 0.818662941455841 0.792105555534363 0.769774079322815 0.789228498935699 0.80669367313385 0.796580731868744 0.777499973773956 0.671625554561615 0.736205160617828 0.813159644603729 0.804895162582397 0.728583335876465 0.77375590801239 0.803719282150269 0.811782240867615 0.836196660995483 0.828061878681183 0.809864819049835 0.76103812456131 0.641647040843964 0.767855167388916 0.808276295661926 0.81351774930954 0.800479650497437 0.792643308639526 0.804180383682251 0.812860369682312 0.80692183971405
0.700151085853577 0.80665111541748 0.801262974739075 0.817285895347595 0.819877028465271 0.815047383308411 0.803281128406525 0.812777042388916 0.805841505527496 0.796010375022888 0.7856125831604 0.806693732738495 0.805801451206207 0.805322587490082 0.819055557250977 0.812512993812561 0.822335541248322 0.805609285831451 0.795106649398804 0.81739741563797 0.74627298116684 0.648640394210815 0.670551121234894 0.66828852891922 0.801437795162201 0.816663682460785 0.815041482448578 0.794595181941986 0.791455566883087 0.764267385005951 0.802548885345459 0.807961106300354 0.802906274795532 0.631281495094299 0.732625901699066 0.804732203483582 0.8094522356987 0.792556643486023 0.816608130931854 0.807512223720551 0.756911098957062 0.690726637840271 0.806732594966888 0.815260767936707 0.785294830799103 0.809911489486694 0.816573679447174 0.822652220726013 0.811339974403381 0.774895548820496
0.806673347949982 0.824876308441162 0.830256700515747 0.817155539989471 0.806417763233185 0.812389612197876 0.810889601707458 0.819425165653229 0.861737430095673 0.835158169269562 0.820806324481964 0.82755184173584 0.791719973087311 0.805238485336304 0.822587788105011 0.805155575275421 0.813007414340973 0.803717792034149 0.805195927619934 0.812868177890778 0.791057050228119 0.61181777715683 0.642925202846527 0.753363311290741 0.795762240886688 0.823821485042572 0.814184427261353 0.816385924816132 0.80532443523407 0.795616269111633 0.805794835090637 0.82198703289032 0.820625901222229 0.788017809391022 0.81491482257843 0.810857772827148 0.824324071407318 0.779751479625702 0.80706113576889 0.810277760028839 0.813005208969116 0.814234435558319 0.824397802352905 0.828659236431122 0.803446292877197 0.815151870250702 0.804207026958466 0.805697381496429 0.776785910129547 0.68765777349472
0.819702982902527 0.82744961977005 0.823960363864899 0.815516650676727 0.802663326263428 0.773064076900482 0.81736296415329 0.826661825180054 0.821177423000336 0.840838491916656 0.79900997877121 0.808721840381622 0.794060349464417 0.803034424781799 0.827198147773743 0.796320736408234 0.809403717517853 0.804902613162994 0.793259978294373 0.805121839046478 0.803440392017365 0.755811095237732 0.797158122062683 0.784512579441071 0.809697389602661 0.829981088638306 0.809412956237793 0.795337438583374 0.792907416820526 0.766937434673309 0.800074815750122 0.818147420883179 0.820054829120636 0.831637799739838 0.820888161659241 0.808972597122192 0.799076676368713 0.766984462738037 0.814020395278931 0.813446283340454 0.820552587509155 0.805499613285065 0.839907765388489 0.821425199508667 0.827160716056824 0.813891112804413 0.831909656524658 0.840975165367126 0.724673688411713 0.714874804019928
