pkg/usdm/inst/external/NDVI_season2.asc
NCOLS 279 
NROWS 320 
XLLCORNER 523900.453205175 
YLLCORNER 5622610.68929959 
CELLSIZE 1000 
NODATA_value -3.4e+38 
[rows 176 to 197 of 320, columns 100 to 149 of 279]
0.817569971084595 0.821833312511444 0.810616672039032 0.792089998722076 0.607903301715851 0.784216642379761 0.791443347930908 0.788076639175415 0.753530025482178 0.800596654415131 0.813883364200592 0.800513327121735 0.820616662502289 0.798506677150726 0.774720013141632 0.653933346271515 0.639426648616791 0.657886683940887 0.551230013370514 0.500100016593933 0.501726686954498 0.666636645793915 0.61816668510437 0.588406682014465 0.5185666680336 0.595979988574982 0.742349982261658 0.794059991836548 0.790183365345001 0.762586653232574 0.749106645584106 0.746020019054413 0.81538999080658 0.815306663513184 0.81007331609726 0.782066643238068 0.730159997940063 0.800666689872742 0.77032333612442 0.781833350658417 0.788206696510315 0.78152334690094 0.771969974040985 0.762719988822937 0.787880003452301 0.779776692390442 0.796209990978241 0.716006696224213 0.656553328037262 0.6283900141716
0.812279999256134 0.809046685695648 0.795253336429596 0.780749976634979 0.669920027256012 0.731339991092682 0.784573316574097 0.806836664676666 0.813603341579437 0.811779975891113 0.802429974079132 0.811416685581207 0.800306677818298 0.79978334903717 0.775009989738464 0.603569984436035 0.520383358001709 0.59211003780365 0.62692666053772 0.708490014076233 0.490480005741119 0.771973311901093 0.734853327274323 0.645929992198944 0.514933347702026 0.512823343276978 0.603213310241699 0.77113664150238 0.73878002166748 0.790123343467712 0.775110006332397 0.752369999885559 0.76460999250412 0.820800006389618 0.786210000514984 0.717423319816589 0.806900024414062 0.772639989852905 0.731016635894775 0.732403337955475 0.764699995517731 0.732786655426025 0.590839982032776 0.627170026302338 0.789893329143524 0.788923323154449 0.793116688728333 0.759420037269592 0.775569975376129 0.755936682224274
0.780616641044617 0.810810029506683 0.810209989547729 0.831026673316956 0.814536690711975 0.794669985771179 0.807789981365204 0.793456673622131 0.791876673698425 0.789503335952759 0.808436632156372 0.790886640548706 0.757276654243469 0.757523357868195 0.739233314990997 0.550406634807587 0.440193325281143 0.568260014057159 0.694443345069885 0.699406683444977 0.693763315677643 0.762939989566803 0.763103365898132 0.810693323612213 0.816143333911896 0.767899990081787 0.73172664642334 0.722333312034607 0.714286684989929 0.728709995746613 0.733436644077301 0.734430015087128 0.729510009288788 0.730706691741943 0.773323357105255 0.805223345756531 0.799610018730164 0.802376687526703 0.781623363494873 0.800203323364258 0.809266686439514 0.758056700229645 0.686869978904724 0.700146675109863 0.667913317680359 0.583880007266998 0.784713327884674 0.794066667556763 0.810133337974548 0.810263335704803
0.829653322696686 0.810329973697662 0.790503323078156 0.804700016975403 0.818719983100891 0.811563313007355 0.796216666698456 0.798103332519531 0.786153316497803 0.766296684741974 0.755779981613159 0.740279972553253 0.766569972038269 0.79379665851593 0.810840010643005 0.76020336151123 0.702026665210724 0.785666644573212 0.733036696910858 0.583446681499481 0.685383319854736 0.71275669336319 0.700376689434052 0.776769995689392 0.776809990406036 0.753086686134338 0.717779994010925 0.791106641292572 0.764649987220764 0.756643354892731 0.754000008106232 0.740916669368744 0.73364669084549 0.695443332195282 0.642543315887451 0.745486676692963 0.785303354263306 0.806940019130707 0.797513365745544 0.806346654891968 0.816343307495117 0.815893352031708 0.804220020771027 0.81098997592926 0.740006685256958 0.756449997425079 0.745196640491486 0.768633306026459 0.799603343009949 0.764936685562134
0.817870020866394 0.811246633529663 0.828876674175262 0.822816669940948 0.821263313293457 0.815586686134338 0.765426695346832 0.794503331184387 0.793269991874695 0.796446681022644 0.799246668815613 0.78494668006897 0.792119979858398 0.793529987335205 0.79899001121521 0.799210011959076 0.785009980201721 0.639843344688416 0.704473316669464 0.457670003175735 0.621556639671326 0.76651668548584 0.649916648864746 0.693906664848328 0.779973328113556 0.812316656112671 0.78832334280014 0.756546676158905 0.756669998168945 0.74003666639328 0.726346671581268 0.75478333234787 0.712386667728424 0.707446694374084 0.685639977455139 0.656586647033691 0.724349975585938 0.735949993133545 0.790600001811981 0.805003345012665 0.812110006809235 0.800173342227936 0.80227667093277 0.772083342075348 0.765703320503235 0.734453320503235 0.578440010547638 0.748926639556885 0.756503343582153 0.696056663990021
0.798346638679504 0.82382333278656 0.825850009918213 0.833406686782837 0.816349983215332 0.775026679039001 0.806056678295135 0.815779983997345 0.790133357048035 0.819956660270691 0.796226680278778 0.719489991664886 0.796150028705597 0.764379978179932 0.784833312034607 0.647286653518677 0.705099999904633 0.786740005016327 0.745393335819244 0.487656652927399 0.633666694164276 0.705330014228821 0.71630334854126 0.723280012607574 0.77850329875946 0.788993358612061 0.793533325195312 0.790913343429565 0.775770008563995 0.73826664686203 0.690006673336029 0.777773320674896 0.74633002281189 0.760339975357056 0.6910799741745 0.659586668014526 0.562406659126282 0.646459996700287 0.759220004081726 0.76567667722702 0.793736696243286 0.767930030822754 0.730499982833862 0.73351001739502 0.699673354625702 0.715669989585876 0.706730008125305 0.731360018253326 0.744496643543243 0.653900027275085
0.822493314743042 0.788643360137939 0.823023319244385 0.761103332042694 0.77849668264389 0.790173351764679 0.810760021209717 0.787289977073669 0.770489990711212 0.794749975204468 0.769289970397949 0.727670013904572 0.645146667957306 0.743436694145203 0.723706662654877 0.605673313140869 0.707790017127991 0.733889997005463 0.759393334388733 0.673176646232605 0.782373309135437 0.795376658439636 0.754549980163574 0.727273344993591 0.68598997592926 0.738590002059937 0.787583351135254 0.770536661148071 0.753666639328003 0.738856673240662 0.76090669631958 0.781340003013611 0.768643319606781 0.744899988174438 0.590780019760132 0.590279996395111 0.62145334482193 0.606473326683044 0.598160028457642 0.645216643810272 0.6285799741745 0.574696660041809 0.716403305530548 0.654883325099945 0.711616635322571 0.665743350982666 0.665693342685699 0.722926676273346 0.730116665363312 0.739789962768555
0.822906672954559 0.785496652126312 0.811196684837341 0.811293363571167 0.817946672439575 0.804069995880127 0.777480006217957 0.766446650028229 0.753530025482178 0.655089974403381 0.696659982204437 0.650986671447754 0.709666669368744 0.7916299700737 0.81208336353302 0.7546466588974 0.655719995498657 0.717530012130737 0.784650027751923 0.788569986820221 0.803593337535858 0.788110017776489 0.785030007362366 0.754436671733856 0.713323354721069 0.70592999458313 0.676639974117279 0.690556645393372 0.688316643238068 0.722923338413239 0.748506665229797 0.70739334821701 0.682070016860962 0.750159978866577 0.740593314170837 0.677183330059052 0.637269973754883 0.735010027885437 0.710933327674866 0.73760998249054 0.724043309688568 0.719780027866364 0.761573314666748 0.758703351020813 0.753416657447815 0.769103348255157 0.701916694641113 0.751959979534149 0.715903341770172 0.674499988555908
0.810813307762146 0.81029999256134 0.815816640853882 0.797779977321625 0.810076653957367 0.785233318805695 0.784950017929077 0.793049991130829 0.711419999599457 0.755503356456757 0.663680016994476 0.716769993305206 0.762109994888306 0.794489979743958 0.807430028915405 0.771063327789307 0.786506652832031 0.802699983119965 0.799096643924713 0.816086649894714 0.809450030326843 0.799600005149841 0.792996644973755 0.781643331050873 0.783966660499573 0.778460025787354 0.816850006580353 0.648140013217926 0.583926677703857 0.522790014743805 0.686463356018066 0.669866681098938 0.682156682014465 0.689343333244324 0.714200019836426 0.714113354682922 0.748440027236938 0.745379984378815 0.810603320598602 0.774890005588531 0.735256671905518 0.799380004405975 0.802060008049011 0.726756691932678 0.794296681880951 0.813380002975464 0.74057000875473 0.697700023651123 0.653423309326172 0.619673311710358
0.805213332176208 0.781949996948242 0.746930003166199 0.651093363761902 0.745393335819244 0.784143328666687 0.766013324260712 0.713123321533203 0.719630002975464 0.801590025424957 0.809846639633179 0.798770010471344 0.802206635475159 0.786636650562286 0.805546641349792 0.786926686763763 0.782549977302551 0.793893337249756 0.772109985351562 0.801739990711212 0.79654335975647 0.798070013523102 0.787176668643951 0.727109968662262 0.778756678104401 0.81088000535965 0.772580027580261 0.61596667766571 0.489556670188904 0.645743310451508 0.765966653823853 0.78082001209259 0.727039992809296 0.684973359107971 0.729963362216949 0.715089976787567 0.692409992218018 0.797003328800201 0.816746652126312 0.803983330726624 0.803763329982758 0.787096679210663 0.779033362865448 0.754986643791199 0.801886677742004 0.798500001430511 0.719983339309692 0.713119983673096 0.695983350276947 0.645243346691132
0.798720002174377 0.76243668794632 0.639133334159851 0.596376657485962 0.597753345966339 0.660796642303467 0.717163324356079 0.753009974956512 0.808123350143433 0.808470010757446 0.805136680603027 0.787720024585724 0.822350025177002 0.78591001033783 0.805379986763 0.805506646633148 0.812466681003571 0.813656687736511 0.811869978904724 0.81561666727066 0.802470028400421 0.808449983596802 0.796020030975342 0.772656679153442 0.770883321762085 0.792306661605835 0.736303329467773 0.742753326892853 0.591626644134521 0.771896660327911 0.793513298034668 0.755649983882904 0.7349933385849 0.766096651554108 0.702859997749329 0.724659979343414 0.754286646842957 0.798519968986511 0.804766654968262 0.788943350315094 0.802129983901978 0.776983320713043 0.728153347969055 0.712656676769257 0.722436666488647 0.685946643352509 0.638806641101837 0.732416689395905 0.778793334960938 0.772133350372314
0.720646679401398 0.6076700091362 0.762210011482239 0.802306652069092 0.721889972686768 0.808546662330627 0.823736667633057 0.80146998167038 0.804786682128906 0.827296674251556 0.82449334859848 0.81742000579834 0.810476660728455 0.768193364143372 0.800149977207184 0.81783002614975 0.820293307304382 0.825696647167206 0.812223315238953 0.796589970588684 0.813166677951813 0.79327666759491 0.775906682014465 0.78711998462677 0.772416651248932 0.77440333366394 0.801223337650299 0.81480997800827 0.811626672744751 0.764283359050751 0.79312664270401 0.803870022296906 0.816116690635681 0.794979989528656 0.761423349380493 0.775546669960022 0.712146639823914 0.808593332767487 0.802280008792877 0.785040020942688 0.734629988670349 0.718156695365906 0.684406638145447 0.616159975528717 0.633163332939148 0.711413323879242 0.572080016136169 0.546159982681274 0.759729981422424 0.778919994831085
0.665820002555847 0.701253354549408 0.801063358783722 0.817903339862823 0.821110010147095 0.8100266456604 0.8067666888237 0.818839967250824 0.819389998912811 0.818666696548462 0.818846642971039 0.824066698551178 0.817919969558716 0.658396661281586 0.772119998931885 0.813139975070953 0.806289970874786 0.799396693706512 0.79503333568573 0.7848100066185 0.761046648025513 0.682940006256104 0.758149981498718 0.789550006389618 0.780193328857422 0.777413308620453 0.7950199842453 0.793680012226105 0.812156677246094 0.801196694374084 0.798156678676605 0.776920020580292 0.773763358592987 0.789156675338745 0.765219986438751 0.747456669807434 0.691686689853668 0.693170011043549 0.722186684608459 0.690193355083466 0.750253319740295 0.696496665477753 0.578063309192657 0.396930009126663 0.540709972381592 0.701390027999878 0.623446643352509 0.646583318710327 0.737186670303345 0.739693343639374
0.819323360919952 0.814249992370605 0.805466651916504 0.82778000831604 0.823660016059875 0.811053335666656 0.820079982280731 0.813836634159088 0.811576664447784 0.824570000171661 0.810809969902039 0.77758663892746 0.794613361358643 0.674833357334137 0.784813344478607 0.781273305416107 0.746683359146118 0.778796672821045 0.80611664056778 0.801159977912903 0.795610010623932 0.785333335399628 0.789126694202423 0.789836645126343 0.814260005950928 0.788789987564087 0.751966655254364 0.776639997959137 0.813836693763733 0.805556654930115 0.792896687984467 0.779076635837555 0.753333330154419 0.723956644535065 0.723283350467682 0.755903363227844 0.656040012836456 0.657079994678497 0.684579968452454 0.692740023136139 0.729629993438721 0.619476675987244 0.605970025062561 0.446413338184357 0.523339986801147 0.635706663131714 0.702803313732147 0.744896650314331 0.668043315410614 0.736660003662109
0.813489973545074 0.838320016860962 0.800320029258728 0.815549969673157 0.814733326435089 0.789929986000061 0.760039985179901 0.811306655406952 0.813269972801208 0.762340009212494 0.766276657581329 0.801703333854675 0.78478330373764 0.77252334356308 0.769103348255157 0.796616673469543 0.792303323745728 0.78262335062027 0.791999995708466 0.761799991130829 0.705996692180634 0.775223314762115 0.794856667518616 0.79679000377655 0.770256638526917 0.738816678524017 0.600113332271576 0.622343361377716 0.620693325996399 0.729973316192627 0.732176661491394 0.686853349208832 0.661053359508514 0.688676655292511 0.68121999502182 0.728796660900116 0.703000009059906 0.744203329086304 0.695793330669403 0.636893332004547 0.675970017910004 0.612796664237976 0.59345668554306 0.493479996919632 0.520653307437897 0.715643346309662 0.70973002910614 0.777970016002655 0.763029992580414 0.68274998664856
0.831356644630432 0.8239466547966 0.809476673603058 0.813849985599518 0.808703303337097 0.794093310832977 0.818859994411469 0.826956689357758 0.794703364372253 0.80188000202179 0.820280015468597 0.813403308391571 0.784376680850983 0.812583327293396 0.798583328723907 0.81387335062027 0.810460031032562 0.806199967861176 0.777456641197205 0.569353342056274 0.475613325834274 0.712353348731995 0.7880499958992 0.791019976139069 0.725833356380463 0.683296680450439 0.579776644706726 0.701113343238831 0.71535336971283 0.635303318500519 0.714936673641205 0.693329989910126 0.592973351478577 0.68245667219162 0.565816640853882 0.686383366584778 0.727266669273376 0.737659990787506 0.776239991188049 0.697743356227875 0.702236652374268 0.616373360157013 0.520006656646729 0.432393342256546 0.606266677379608 0.656010031700134 0.557673335075378 0.660646677017212 0.61599999666214 0.548680007457733
0.808120012283325 0.837646663188934 0.816820025444031 0.772379994392395 0.803633332252502 0.81700998544693 0.800963342189789 0.801980018615723 0.816926658153534 0.795243322849274 0.794266641139984 0.812020003795624 0.787796676158905 0.794426679611206 0.807596683502197 0.806363344192505 0.78505665063858 0.774113357067108 0.767229974269867 0.763293325901031 0.702319979667664 0.667296648025513 0.717206656932831 0.735859990119934 0.705463349819183 0.730933308601379 0.704416692256927 0.700546681880951 0.633806645870209 0.703626692295074 0.679296672344208 0.701539993286133 0.554316639900208 0.540610015392303 0.501793324947357 0.659863352775574 0.667770028114319 0.672599971294403 0.711076676845551 0.72010999917984 0.746623337268829 0.6376833319664 0.606256663799286 0.580033361911774 0.742503345012665 0.697686672210693 0.626266658306122 0.648753345012665 0.663410007953644 0.742726683616638
0.819356679916382 0.748309969902039 0.795356690883636 0.814230024814606 0.816560029983521 0.824653327465057 0.813986659049988 0.810630023479462 0.812189996242523 0.806710004806519 0.736696660518646 0.765703320503235 0.756856679916382 0.780390024185181 0.797020018100739 0.79145336151123 0.799383342266083 0.706583321094513 0.724313318729401 0.740580022335052 0.783976674079895 0.742449998855591 0.698146641254425 0.756273329257965 0.783129990100861 0.78068333864212 0.717660009860992 0.745193362236023 0.747860014438629 0.781193315982819 0.737273335456848 0.701826691627502 0.686100006103516 0.572059988975525 0.678279995918274 0.608803331851959 0.657783329486847 0.690866649150848 0.709236681461334 0.755840003490448 0.566013336181641 0.576463341712952 0.675029993057251 0.608526647090912 0.696153342723846 0.629469990730286 0.793510019779205 0.792580008506775 0.779913306236267 0.801530003547668
0.797379970550537 0.812563359737396 0.806626677513123 0.808256685733795 0.818830013275146 0.819126665592194 0.820280015468597 0.794839978218079 0.796039998531342 0.810029983520508 0.785836637020111 0.741196691989899 0.709969997406006 0.729893326759338 0.75762665271759 0.771430015563965 0.747829973697662 0.724936664104462 0.777393341064453 0.780016660690308 0.802983343601227 0.750326693058014 0.75450998544693 0.746800005435944 0.793699979782104 0.797803342342377 0.754519999027252 0.760606646537781 0.796223342418671 0.778509974479675 0.785870015621185 0.748513340950012 0.648899972438812 0.660353362560272 0.684069991111755 0.613033354282379 0.685036659240723 0.712286651134491 0.727583348751068 0.745486676692963 0.693430006504059 0.736293315887451 0.586446642875671 0.627096652984619 0.668749988079071 0.759456694126129 0.763849973678589 0.819846630096436 0.786756694316864 0.737456679344177
0.823706686496735 0.818690001964569 0.815833330154419 0.809683322906494 0.816619992256165 0.825883328914642 0.811209976673126 0.79983001947403 0.822973310947418 0.821313321590424 0.788716673851013 0.804843366146088 0.697350025177002 0.727186679840088 0.740276694297791 0.78383332490921 0.785216689109802 0.787363350391388 0.794246673583984 0.796786665916443 0.787226676940918 0.794099986553192 0.797203302383423 0.768926680088043 0.795853316783905 0.805329978466034 0.774743318557739 0.764710009098053 0.742846667766571 0.745689988136292 0.785033345222473 0.78028666973114 0.744486689567566 0.651563346385956 0.683259963989258 0.673370003700256 0.793990015983582 0.722476661205292 0.682123303413391 0.752569973468781 0.764553308486938 0.670363306999207 0.659033358097076 0.662023305892944 0.749336659908295 0.775646686553955 0.763233304023743 0.763336658477783 0.7117999792099 0.766189992427826
0.815433323383331 0.821039974689484 0.814360022544861 0.825566649436951 0.826646685600281 0.804319977760315 0.709193348884583 0.814616680145264 0.810930013656616 0.753536641597748 0.640110015869141 0.555840015411377 0.527903318405151 0.580110013484955 0.726603329181671 0.770206689834595 0.791116654872894 0.808443307876587 0.811683356761932 0.804153323173523 0.733020007610321 0.784096658229828 0.785693347454071 0.774783313274384 0.755653321743011 0.783633351325989 0.773639976978302 0.777310013771057 0.812269985675812 0.807009994983673 0.781323313713074 0.769450008869171 0.713886678218842 0.697406649589539 0.685193359851837 0.717623353004456 0.651016652584076 0.753926694393158 0.680283308029175 0.662140011787415 0.744866669178009 0.631613314151764 0.700119972229004 0.718853354454041 0.772623360157013 0.703980028629303 0.718119978904724 0.670386672019958 0.689899981021881 0.626919984817505
0.815536677837372 0.813870012760162 0.821529984474182 0.830119967460632 0.798786640167236 0.780096650123596 0.780793309211731 0.76691335439682 0.712300002574921 0.702533364295959 0.517313361167908 0.538856685161591 0.503063321113586 0.496363341808319 0.644089996814728 0.766023337841034 0.752396643161774 0.772369980812073 0.763356685638428 0.735126674175262 0.654283344745636 0.794096648693085 0.802370011806488 0.795849978923798 0.798340022563934 0.786866664886475 0.795186638832092 0.763266682624817 0.810603320598602 0.73581999540329 0.74235999584198 0.660809993743896 0.709249973297119 0.739560008049011 0.695500016212463 0.744186639785767 0.678176641464233 0.688023328781128 0.706510007381439 0.667980015277863 0.617020010948181 0.696099996566772 0.719446659088135 0.708133339881897 0.673056662082672 0.72736668586731 0.736519992351532 0.676486670970917 0.642853319644928 0.624663352966309
