pkg/usdm/inst/external/NDVI_season2.asc
NCOLS 279 
NROWS 320 
XLLCORNER 523900.453205175 
YLLCORNER 5622610.68929959 
CELLSIZE 1000 
NODATA_value -3.4e+38 
[rows 132 to 153 of 320, columns 200 to 249 of 279]
0.728686690330505 0.753790020942688 0.78167998790741 0.745090007781982 0.779656648635864 0.775309979915619 0.751293361186981 0.749026656150818 0.744036674499512 0.754289984703064 0.688520014286041 0.699653327465057 0.727670013904572 0.698740005493164 0.715403318405151 0.739139974117279 0.724269986152649 0.669139981269836 0.716283321380615 0.733676671981812 0.729986667633057 0.633099973201752 0.623443365097046 0.760436654090881 0.73048996925354 0.696336686611176 0.757089972496033 0.769479990005493 0.706183314323425 0.704659998416901 0.745993316173553 0.760153353214264 0.704206645488739 0.714643359184265 0.740256667137146 0.737940013408661 0.720343351364136 0.777263343334198 0.796000003814697 0.780816674232483 0.799913346767426 0.74576997756958 0.780176639556885 0.803056657314301 0.790109992027283 0.718800008296967 0.709169983863831 0.792003333568573 0.742206692695618 0.662419974803925
0.721273303031921 0.766183316707611 0.732980012893677 0.78618335723877 0.742839992046356 0.772073328495026 0.722790002822876 0.769383311271667 0.742103338241577 0.771480023860931 0.722913324832916 0.736479997634888 0.613960027694702 0.672439992427826 0.666260004043579 0.57710999250412 0.589489996433258 0.613666653633118 0.667506694793701 0.76529335975647 0.752173364162445 0.688740015029907 0.524256646633148 0.621370017528534 0.750159978866577 0.644649982452393 0.561076641082764 0.61161333322525 0.726386666297913 0.659593343734741 0.734183311462402 0.725423336029053 0.588883340358734 0.746376633644104 0.771386682987213 0.710990011692047 0.696726679801941 0.672526657581329 0.742123305797577 0.715803325176239 0.766820013523102 0.793489992618561 0.775606632232666 0.805040001869202 0.741463303565979 0.758769989013672 0.760399997234344 0.746656656265259 0.709136664867401 0.744766652584076
0.6608766913414 0.714663326740265 0.746469974517822 0.788429975509644 0.750026643276215 0.756210029125214 0.742686688899994 0.73237669467926 0.742879986763 0.761129975318909 0.669570028781891 0.65544331073761 0.716180026531219 0.713723301887512 0.630003333091736 0.607976675033569 0.725956678390503 0.755419969558716 0.705349981784821 0.752343356609344 0.712679982185364 0.640070021152496 0.632153332233429 0.466463327407837 0.667896687984467 0.530056655406952 0.656769990921021 0.813666641712189 0.802609980106354 0.765820026397705 0.749146640300751 0.760153353214264 0.744103312492371 0.761756658554077 0.795130014419556 0.766156673431396 0.758276641368866 0.755339980125427 0.747756659984589 0.788070023059845 0.726520001888275 0.718680024147034 0.796989977359772 0.701036691665649 0.78286999464035 0.780910015106201 0.732966661453247 0.74425333738327 0.75354665517807 0.784283339977264
0.768793344497681 0.721759974956512 0.747873306274414 0.791836678981781 0.746916651725769 0.73334664106369 0.702103316783905 0.787096679210663 0.752646684646606 0.78002667427063 0.691256642341614 0.479809999465942 0.595293343067169 0.648783326148987 0.596716642379761 0.714749991893768 0.741840004920959 0.675876677036285 0.731596648693085 0.70004665851593 0.56920999288559 0.519713342189789 0.540136694908142 0.529670000076294 0.52730667591095 0.462826669216156 0.692900002002716 0.790516674518585 0.804466664791107 0.750463306903839 0.726736664772034 0.689819991588593 0.760993301868439 0.809846639633179 0.733363330364227 0.750246644020081 0.760346651077271 0.724470019340515 0.692520022392273 0.728346645832062 0.70047664642334 0.742370009422302 0.734089970588684 0.702713310718536 0.758026659488678 0.759296655654907 0.769116640090942 0.808286666870117 0.770736694335938 0.754700005054474
0.761436641216278 0.758620023727417 0.674629986286163 0.739700019359589 0.750823318958282 0.765089988708496 0.711236655712128 0.773356676101685 0.686023354530334 0.729693353176117 0.747503340244293 0.670953333377838 0.602566659450531 0.607890009880066 0.558049976825714 0.72036999464035 0.74220997095108 0.751143336296082 0.738626658916473 0.746396660804749 0.601773321628571 0.675096690654755 0.737653315067291 0.715243339538574 0.506203353404999 0.454306662082672 0.537856638431549 0.728353321552277 0.782263338565826 0.792720019817352 0.764739990234375 0.748256683349609 0.709806680679321 0.713393330574036 0.759980022907257 0.681263327598572 0.719076633453369 0.714640021324158 0.668600022792816 0.769289970397949 0.728573322296143 0.732909977436066 0.766529977321625 0.722729980945587 0.758949995040894 0.783576667308807 0.807690024375916 0.788746654987335 0.788516640663147 0.769439995288849
0.746466636657715 0.781910002231598 0.77402663230896 0.762963354587555 0.725793302059174 0.78777664899826 0.749116659164429 0.765656650066376 0.666859984397888 0.65939998626709 0.666166663169861 0.74538666009903 0.757663309574127 0.752466678619385 0.744313359260559 0.750519990921021 0.777086675167084 0.77577668428421 0.688440024852753 0.684236645698547 0.724373340606689 0.726013362407684 0.658263325691223 0.570429980754852 0.551106691360474 0.608749985694885 0.6991166472435 0.588530004024506 0.743040025234222 0.727063357830048 0.721679985523224 0.725966691970825 0.722516655921936 0.720826685428619 0.721889972686768 0.699886679649353 0.726670026779175 0.766603350639343 0.751879990100861 0.749870002269745 0.693809986114502 0.729153335094452 0.678699970245361 0.696583330631256 0.722443342208862 0.768633365631104 0.801826655864716 0.790220022201538 0.755173325538635 0.78233003616333
0.7673299908638 0.718193352222443 0.772059977054596 0.743863344192505 0.748239994049072 0.74210000038147 0.728386640548706 0.712523341178894 0.720646679401398 0.728646636009216 0.698493361473083 0.692969977855682 0.753243327140808 0.756636679172516 0.743743300437927 0.736376643180847 0.720366656780243 0.717339992523193 0.708983302116394 0.753750026226044 0.73537665605545 0.75203001499176 0.689553320407867 0.653930008411407 0.506986677646637 0.66349333524704 0.764190018177032 0.731936693191528 0.711213350296021 0.749806642532349 0.765359997749329 0.744430005550385 0.751129984855652 0.707536637783051 0.650113344192505 0.728579998016357 0.753719985485077 0.751686692237854 0.788276672363281 0.749076664447784 0.736953318119049 0.693696677684784 0.581250011920929 0.580086648464203 0.603636682033539 0.772056639194489 0.723479986190796 0.728523313999176 0.78095668554306 0.778433322906494
0.745146691799164 0.76213663816452 0.802936673164368 0.803803324699402 0.734730005264282 0.707390010356903 0.741079986095428 0.729160010814667 0.782159984111786 0.802206635475159 0.807650029659271 0.783360004425049 0.754596650600433 0.757579982280731 0.696836650371552 0.745416641235352 0.742540001869202 0.761656641960144 0.778339982032776 0.741699993610382 0.75886332988739 0.726666688919067 0.70864999294281 0.735220015048981 0.75027334690094 0.724413335323334 0.665600001811981 0.728200018405914 0.751709997653961 0.76404333114624 0.699959993362427 0.752073347568512 0.706149995326996 0.75025999546051 0.728473305702209 0.769646644592285 0.778146684169769 0.786960005760193 0.779380023479462 0.747030019760132 0.789223313331604 0.734886646270752 0.596790015697479 0.557803332805634 0.482019990682602 0.778486669063568 0.771380007266998 0.69284999370575 0.631110012531281 0.746739983558655
0.784983336925507 0.772626638412476 0.754159986972809 0.712779998779297 0.713186681270599 0.766356647014618 0.778146684169769 0.770420014858246 0.740180015563965 0.775083363056183 0.785236656665802 0.775703310966492 0.762593328952789 0.773496687412262 0.566206634044647 0.464003324508667 0.454950004816055 0.752476692199707 0.763463318347931 0.727723360061646 0.775300025939941 0.695106685161591 0.728346645832062 0.786113321781158 0.798753321170807 0.73555999994278 0.663696646690369 0.738956689834595 0.734283328056335 0.759313344955444 0.724460005760193 0.719470024108887 0.724039971828461 0.732829988002777 0.73401665687561 0.651766657829285 0.73976331949234 0.71601665019989 0.764469981193542 0.78725665807724 0.747613310813904 0.723786652088165 0.702179968357086 0.613080024719238 0.7037433385849 0.797919988632202 0.743660032749176 0.766403317451477 0.751626670360565 0.69665002822876
0.780806660652161 0.756686687469482 0.763350009918213 0.787829995155334 0.740206658840179 0.780889987945557 0.76786333322525 0.789826691150665 0.776629984378815 0.78123664855957 0.783603310585022 0.762413322925568 0.745306670665741 0.729900002479553 0.550639986991882 0.503589987754822 0.451203346252441 0.693776667118073 0.714743316173553 0.627860009670258 0.684673309326172 0.771566689014435 0.770213305950165 0.784533321857452 0.730406641960144 0.74836665391922 0.774119973182678 0.777776658535004 0.744920015335083 0.728649973869324 0.757696688175201 0.567189991474152 0.6655233502388 0.649110019207001 0.605920016765594 0.521719992160797 0.638440012931824 0.742686688899994 0.743680000305176 0.723366677761078 0.733196675777435 0.70444667339325 0.631770014762878 0.457369983196259 0.775953352451324 0.743950009346008 0.760490000247955 0.790863335132599 0.780250012874603 0.724276661872864
0.789290010929108 0.763923346996307 0.771086692810059 0.742169976234436 0.738593339920044 0.771616637706757 0.748669981956482 0.73496001958847 0.759620010852814 0.775676667690277 0.75915002822876 0.782819986343384 0.726136684417725 0.779736638069153 0.742950022220612 0.737843334674835 0.681550025939941 0.756686687469482 0.721189975738525 0.562720000743866 0.677993357181549 0.734943330287933 0.765333354473114 0.79819667339325 0.734179973602295 0.733820021152496 0.728066682815552 0.733376681804657 0.758870005607605 0.760383307933807 0.617873311042786 0.535769999027252 0.639789998531342 0.591266691684723 0.728609979152679 0.702586650848389 0.596506655216217 0.577913343906403 0.692336678504944 0.750463366508484 0.735893309116364 0.774506688117981 0.7501500248909 0.58881664276123 0.718103349208832 0.682143330574036 0.747043311595917 0.799399971961975 0.779829978942871 0.762016654014587
0.796869993209839 0.771036684513092 0.728030025959015 0.781180024147034 0.777463316917419 0.743876695632935 0.732146680355072 0.760866641998291 0.770903348922729 0.769193351268768 0.737693309783936 0.750890016555786 0.757233321666718 0.788306653499603 0.749753355979919 0.74329000711441 0.751956641674042 0.760230004787445 0.683943331241608 0.56098997592926 0.69977331161499 0.694413304328918 0.769749999046326 0.768846690654755 0.779286682605743 0.771216690540314 0.733640015125275 0.76459002494812 0.774873316287994 0.791426658630371 0.745086669921875 0.740766644477844 0.749626636505127 0.57026332616806 0.607606649398804 0.588853299617767 0.658800005912781 0.666119992733002 0.676720023155212 0.733536660671234 0.736580014228821 0.682860016822815 0.775426685810089 0.764066636562347 0.768280029296875 0.780446648597717 0.727140009403229 0.769963324069977 0.690006673336029 0.664676666259766
0.746756672859192 0.756479978561401 0.752883315086365 0.803489983081818 0.777236640453339 0.760126650333405 0.716056644916534 0.749333322048187 0.692099988460541 0.597623348236084 0.714043319225311 0.777746677398682 0.770139992237091 0.742903351783752 0.746289968490601 0.725663363933563 0.704846680164337 0.783183336257935 0.764143347740173 0.727126657962799 0.689253330230713 0.738420009613037 0.714013338088989 0.698283314704895 0.745443344116211 0.804929971694946 0.740463316440582 0.776293337345123 0.816846668720245 0.805816650390625 0.775883316993713 0.759173333644867 0.740463316440582 0.547733306884766 0.456679999828339 0.480216681957245 0.56456333398819 0.687886655330658 0.724556684494019 0.780066668987274 0.685493350028992 0.682783305644989 0.774990022182465 0.77276998758316 0.751590013504028 0.789829969406128 0.778509974479675 0.733319997787476 0.704190015792847 0.526386678218842
0.774590015411377 0.775476694107056 0.72883665561676 0.776473343372345 0.756413340568542 0.681486666202545 0.722403347492218 0.650963306427002 0.633853316307068 0.704320013523102 0.761986672878265 0.766283333301544 0.725393354892731 0.714746654033661 0.659123361110687 0.712006688117981 0.691953301429749 0.765503346920013 0.723203301429749 0.741569995880127 0.733833312988281 0.696286678314209 0.680069983005524 0.730153322219849 0.755663335323334 0.772893309593201 0.777423322200775 0.799083352088928 0.732393324375153 0.732583343982697 0.76746666431427 0.762323319911957 0.687676668167114 0.533503353595734 0.384310007095337 0.449276655912399 0.628099977970123 0.623016655445099 0.742749989032745 0.791639983654022 0.76612001657486 0.722886681556702 0.756796658039093 0.734530031681061 0.758553326129913 0.784349977970123 0.759649991989136 0.780776679515839 0.749076664447784 0.581606686115265
0.790750026702881 0.754416644573212 0.764853358268738 0.771866679191589 0.773919999599457 0.730369985103607 0.761056661605835 0.807070016860962 0.779100000858307 0.745713353157043 0.722976684570312 0.749626636505127 0.70782333612442 0.761089980602264 0.754050016403198 0.740593314170837 0.733229994773865 0.73309999704361 0.695356667041779 0.751313328742981 0.724510014057159 0.707710027694702 0.628719985485077 0.683076679706573 0.778166651725769 0.775443315505981 0.725783348083496 0.712043344974518 0.657183349132538 0.674063324928284 0.75681334733963 0.761629998683929 0.680899977684021 0.509983360767365 0.449343323707581 0.489409983158112 0.672716677188873 0.779246687889099 0.776139974594116 0.789330005645752 0.786736667156219 0.760726690292358 0.733226656913757 0.737116694450378 0.788203358650208 0.767239987850189 0.745566666126251 0.79804664850235 0.771243333816528 0.683096647262573
0.748579978942871 0.728363335132599 0.757856667041779 0.766993343830109 0.802770018577576 0.757336676120758 0.770080029964447 0.695116639137268 0.740899980068207 0.747569978237152 0.684546649456024 0.750729978084564 0.660176694393158 0.752863347530365 0.808099985122681 0.741993308067322 0.770173311233521 0.726743340492249 0.694323360919952 0.763653337955475 0.759633302688599 0.661146640777588 0.730373322963715 0.733523309230804 0.738693356513977 0.745840013027191 0.775406658649445 0.747276663780212 0.743273317813873 0.738829970359802 0.736643314361572 0.758436679840088 0.668546676635742 0.516563355922699 0.508133351802826 0.582463324069977 0.699366688728333 0.699159979820251 0.773320019245148 0.719933331012726 0.715903341770172 0.735913336277008 0.693443298339844 0.752099990844727 0.787166655063629 0.763300001621246 0.746493339538574 0.706233322620392 0.726516664028168 0.727383315563202
0.716233313083649 0.747473359107971 0.752189993858337 0.803120017051697 0.731656670570374 0.762530028820038 0.728489995002747 0.782729983329773 0.784063339233398 0.742959976196289 0.776423335075378 0.768849968910217 0.64411997795105 0.691703319549561 0.697896659374237 0.737706661224365 0.744489967823029 0.730690002441406 0.743823349475861 0.711293339729309 0.634313344955444 0.531859993934631 0.715560019016266 0.675253331661224 0.752810001373291 0.704389989376068 0.728399991989136 0.729256689548492 0.702170014381409 0.713636636734009 0.722530007362366 0.777163326740265 0.752740025520325 0.6157066822052 0.540746688842773 0.691733360290527 0.70849335193634 0.684353351593018 0.521866679191589 0.592133343219757 0.690349996089935 0.517026662826538 0.482019990682602 0.555243313312531 0.761569976806641 0.722313344478607 0.714813351631165 0.780439972877502 -3.4e+38 -3.4e+38
0.638223350048065 0.763156652450562 0.769566655158997 0.809073328971863 0.776946663856506 0.716069996356964 0.682376682758331 0.76760333776474 0.712983310222626 0.748449981212616 0.737966656684875 0.714716672897339 0.781516671180725 0.764680027961731 0.588633358478546 0.731073319911957 0.774699985980988 0.805339992046356 0.755370020866394 0.652246654033661 0.539893329143524 0.589093327522278 0.662626683712006 0.736193358898163 0.746360003948212 0.643993318080902 0.687643349170685 0.697743356227875 0.675140023231506 0.721553325653076 0.71723335981369 0.727916657924652 0.701950013637543 0.682420015335083 0.73664665222168 0.658320009708405 0.779783308506012 0.730960011482239 0.605713307857513 0.555800020694733 0.485733330249786 0.3646399974823 0.41075998544693 0.524770021438599 0.622609972953796 0.613870024681091 0.621559977531433 0.627283334732056 -3.4e+38 -3.4e+38
0.753043353557587 0.770319998264313 0.772913336753845 0.800483345985413 0.802150011062622 0.735840022563934 0.752219974994659 0.775390028953552 0.752346694469452 0.687160015106201 0.775200009346008 0.772056639194489 0.795279979705811 0.741639971733093 0.662676692008972 0.647146701812744 0.755643308162689 0.763836681842804 0.734706699848175 0.727733314037323 0.705076634883881 0.808879971504211 0.750500023365021 0.69512665271759 0.72664999961853 0.666310012340546 0.7674800157547 0.709879994392395 0.652830004692078 0.723486661911011 0.732633352279663 0.70906001329422 0.743276655673981 0.764829993247986 0.787376642227173 0.769879996776581 0.757903337478638 0.72817999124527 0.577223360538483 0.490599989891052 0.407160013914108 0.399526655673981 0.428609997034073 0.668290019035339 0.781520009040833 0.635219991207123 0.591256678104401 0.496703326702118 -3.4e+38 -3.4e+38
0.795786678791046 0.807166695594788 0.744210004806519 0.747576653957367 0.735583305358887 0.763656675815582 0.684796690940857 0.726040005683899 0.679546654224396 0.70686000585556 0.77481997013092 0.77935665845871 0.783523321151733 0.730010032653809 0.680786669254303 0.687996685504913 0.750053346157074 0.776416659355164 0.778916656970978 0.732336640357971 0.807023346424103 0.820883333683014 0.78409332036972 0.722776651382446 0.704280018806458 0.726053357124329 0.704593300819397 0.771533310413361 0.738843321800232 0.717313349246979 0.746173322200775 0.735986649990082 0.725383341312408 0.764689981937408 0.770013332366943 0.782433331012726 0.708176672458649 0.459809988737106 0.626320004463196 0.622373342514038 0.557510018348694 0.571539998054504 0.614893317222595 0.695446670055389 0.745260000228882 0.726166665554047 0.713903307914734 0.662323355674744 -3.4e+38 -3.4e+38
0.719306647777557 0.680793344974518 0.702483355998993 0.750096678733826 0.709290027618408 0.758473336696625 0.736136674880981 0.764246642589569 0.800836682319641 0.743969976902008 0.748723328113556 0.767806649208069 0.80227667093277 0.740666687488556 0.742626667022705 0.728120028972626 0.712216675281525 0.719766676425934 0.759523332118988 0.731410026550293 0.79353666305542 0.705953359603882 0.749216675758362 0.669076681137085 0.701923310756683 0.716799974441528 0.738796651363373 0.770650029182434 0.704186677932739 0.721019983291626 0.719300031661987 0.7835733294487 0.768203318119049 0.670886695384979 0.733030021190643 0.693009972572327 0.763520002365112 0.734409987926483 0.713109970092773 0.60140335559845 0.577386677265167 0.553229987621307 0.609726667404175 0.756626665592194 0.770423352718353 0.729956686496735 0.724403321743011 -3.4e+38 -3.4e+38 -3.4e+38
0.712626695632935 0.712710022926331 0.726946651935577 0.718373358249664 0.788953304290771 0.751143336296082 0.729686677455902 0.792086660861969 0.806643307209015 0.808753311634064 0.808499991893768 0.779439985752106 0.738776683807373 0.678789973258972 0.750783324241638 0.723349988460541 0.778890013694763 0.752083361148834 0.753289997577667 0.735996663570404 0.757553339004517 0.729420006275177 0.771923363208771 0.757076680660248 0.674223363399506 0.725766658782959 0.703273355960846 0.719093322753906 0.74494332075119 0.725573360919952 0.722000002861023 0.753476679325104 0.785406649112701 0.780446648597717 0.732089996337891 0.745473325252533 0.752986669540405 0.685876667499542 0.735379993915558 0.697796642780304 0.677426636219025 0.58297336101532 0.678683340549469 0.763350009918213 0.784023344516754 0.75722998380661 0.69116336107254 -3.4e+38 -3.4e+38 -3.4e+38
