pkg/usdm/inst/external/NDVI_season3.asc
NCOLS 279 
NROWS 320 
XLLCORNER 523900.453205175 
YLLCORNER 5622610.68929959 
CELLSIZE 1000 
NODATA_value -3.4e+38 
[rows 176 to 197 of 320, columns 150 to 199 of 279]
0.524851500988007 0.546351492404938 0.726765930652618 0.802814424037933 0.788725197315216 0.800132215023041 0.789960026741028 0.762632250785828 0.719439625740051 0.718190371990204 0.859235167503357 0.81751149892807 0.782370746135712 0.808884799480438 0.842183351516724 0.842220723628998 0.661915898323059 0.698395550251007 0.782583713531494 0.777704060077667 0.787394821643829 0.815667390823364 0.842587769031525 0.826514840126038 0.801762223243713 0.823926270008087 0.787922203540802 0.786277413368225 0.855120360851288 0.735687434673309 0.750931084156036 0.828269243240356 0.78516298532486 0.734200000762939 0.527268886566162 0.630322575569153 0.61081850528717 0.734895527362823 0.783647060394287 0.783872246742249 0.68434739112854 0.675503671169281 0.739854097366333 0.713647782802582 0.770702600479126 0.78707480430603 0.807931482791901 0.7951340675354 0.794797420501709 0.786779999732971
0.603415906429291 0.42746776342392 0.652631103992462 0.771963715553284 0.811100363731384 0.802600741386414 0.795644104480743 0.760566294193268 0.758674800395966 0.626269996166229 0.842592239379883 0.858521103858948 0.824373722076416 0.807805180549622 0.760171115398407 0.753423690795898 0.790743350982666 0.745964825153351 0.780541479587555 0.777606666088104 0.789641499519348 0.825974464416504 0.783601880073547 0.786291837692261 0.835285544395447 0.672490000724792 0.73798406124115 0.619976282119751 0.679646670818329 0.659694790840149 0.557312965393066 0.774525582790375 0.782320737838745 0.752382218837738 0.656114816665649 0.529090344905853 0.673234462738037 0.656848907470703 0.716461479663849 0.790509641170502 0.771670758724213 0.739645183086395 0.7977055311203 0.788632929325104 0.794629633426666 0.779146671295166 0.785450756549835 0.777869284152985 0.791151821613312 0.827820360660553
0.689252972602844 0.758111119270325 0.773916661739349 0.780652225017548 0.808480381965637 0.813134789466858 0.805197060108185 0.784075915813446 0.740909278392792 0.638292968273163 0.831874430179596 0.822102963924408 0.841636300086975 0.802628517150879 0.711809992790222 0.725651502609253 0.754503309726715 0.782751858234406 0.836463332176208 0.865449249744415 0.833870768547058 0.784274101257324 0.792023718357086 0.677531480789185 0.77862960100174 0.764254450798035 0.453790366649628 0.524932563304901 0.603285908699036 0.588518142700195 0.542209982872009 0.628484070301056 0.787268161773682 0.776707053184509 0.72226220369339 0.709747791290283 0.787192225456238 0.797227025032043 0.819703698158264 0.809664070606232 0.798805952072144 0.786587417125702 0.795562565326691 0.785757005214691 0.795458912849426 0.746340751647949 0.765369236469269 0.81059330701828 0.768975913524628 0.767371118068695
0.827128171920776 0.823703706264496 0.799830734729767 0.79747998714447 0.796448886394501 0.79968923330307 0.814314067363739 0.800817430019379 0.60712742805481 0.717768132686615 0.78922700881958 0.824477016925812 0.848445951938629 0.802452564239502 0.659922242164612 0.754845201969147 0.759631454944611 0.801022946834564 0.840037763118744 0.846827030181885 0.80348813533783 0.69109183549881 0.793703317642212 0.659909605979919 0.680488169193268 0.429054826498032 0.445568889379501 0.505307793617249 0.543077766895294 0.559744417667389 0.595788538455963 0.701135158538818 0.770638883113861 0.753157019615173 0.76361221075058 0.773291826248169 0.787502229213715 0.79080331325531 0.790053308010101 0.766082227230072 0.784417748451233 0.769562244415283 0.781795561313629 0.749121487140656 0.776242256164551 0.767337381839752 0.800842940807343 0.792787790298462 0.773008167743683 0.655242621898651
0.762141466140747 0.855045914649963 0.789447784423828 0.807553708553314 0.777389645576477 0.790732979774475 0.795769274234772 0.811578512191772 0.648211479187012 0.644131124019623 0.746912956237793 0.853728890419006 0.807994067668915 0.651607036590576 0.647608160972595 0.717886686325073 0.768933355808258 0.838007390499115 0.743975579738617 0.822102606296539 0.833485186100006 0.747940003871918 0.730968117713928 0.747498512268066 0.714287042617798 0.669970750808716 0.501440346240997 0.380908876657486 0.415904074907303 0.691115200519562 0.6859370470047 0.692594826221466 0.600591838359833 0.730680763721466 0.732041478157043 0.774911105632782 0.778390765190125 0.780838489532471 0.791388511657715 0.802688539028168 0.773302972316742 0.794586300849915 0.793645560741425 0.735109627246857 0.73028701543808 0.751172244548798 0.639802932739258 0.77229779958725 0.745174825191498 0.630898177623749
0.598614454269409 0.838987410068512 0.784594058990479 0.732244431972504 0.756351828575134 0.807825207710266 0.815217792987823 0.670901477336884 0.504220724105835 0.561174094676971 0.723430395126343 0.842712223529816 0.778058528900146 0.53507000207901 0.671038150787354 0.756690740585327 0.763112246990204 0.8275426030159 0.857795536518097 0.760409653186798 0.738349616527557 0.72894960641861 0.625689625740051 0.667338490486145 0.59466814994812 0.54129296541214 0.541359603404999 0.573662221431732 0.693260014057159 0.70411741733551 0.639979243278503 0.623932957649231 0.568144798278809 0.629170000553131 0.746312975883484 0.745906293392181 0.758833348751068 0.743815183639526 0.789288520812988 0.804448485374451 0.79615330696106 0.780421137809753 0.795612573623657 0.760522961616516 0.808291137218475 0.849640011787415 0.726800382137299 0.771607398986816 0.78489887714386 0.702921092510223
0.743523299694061 0.754319608211517 0.61560595035553 0.638502240180969 0.796808898448944 0.784534096717834 0.79457813501358 0.622538149356842 0.625609993934631 0.744830727577209 0.75356113910675 0.766031086444855 0.757955551147461 0.763777017593384 0.773931086063385 0.66455739736557 0.733471512794495 0.693315923213959 0.69902628660202 0.668811500072479 0.655892252922058 0.624924421310425 0.591283738613129 0.590119242668152 0.544463694095612 0.582995533943176 0.709732949733734 0.718658864498138 0.73697817325592 0.683298885822296 0.642211854457855 0.639174461364746 0.619787395000458 0.648702561855316 0.707202196121216 0.682987034320831 0.716699242591858 0.768373310565948 0.744460761547089 0.793653726577759 0.758655190467834 0.600331485271454 0.706185579299927 0.786638498306274 0.776974439620972 0.814057767391205 0.775551855564117 0.76349151134491 0.751265525817871 0.754861116409302
0.703400731086731 0.703334808349609 0.653773725032806 0.624084055423737 0.764166295528412 0.812941491603851 0.668810725212097 0.688617765903473 0.717945575714111 0.734398543834686 0.736773312091827 0.718614459037781 0.7228844165802 0.705552935600281 0.754465162754059 0.63174444437027 0.726565897464752 0.775949239730835 0.793597400188446 0.774966657161713 0.726803362369537 0.589746296405792 0.603231847286224 0.608581840991974 0.512282192707062 0.656418144702911 0.691152215003967 0.650234460830688 0.750780344009399 0.636747777462006 0.664771854877472 0.642580389976501 0.567984461784363 0.569047033786774 0.673518538475037 0.723071873188019 0.685590386390686 0.739683330059052 0.748256683349609 0.772845923900604 0.714903354644775 0.535690009593964 0.626096308231354 0.748771846294403 0.758130371570587 0.787385165691376 0.785489618778229 0.766454815864563 0.739431083202362 0.756282567977905
0.731174111366272 0.715629994869232 0.700802981853485 0.708081841468811 0.700747013092041 0.699661135673523 0.711236655712128 0.76509553194046 0.730343341827393 0.739409983158112 0.775307774543762 0.707044064998627 0.668215155601501 0.744462609291077 0.796275556087494 0.787828505039215 0.733214437961578 0.754867017269135 0.792128145694733 0.790707409381866 0.77874481678009 0.743155181407928 0.661445558071136 0.689350008964539 0.744681477546692 0.615800023078918 0.639611124992371 0.562985956668854 0.62520444393158 0.574890732765198 0.731661856174469 0.757959604263306 0.662607431411743 0.677213728427887 0.713857412338257 0.711261868476868 0.634785950183868 0.581151127815247 0.666167795658112 0.626971840858459 0.687116324901581 0.725740730762482 0.719190359115601 0.758369982242584 0.782346665859222 0.785797774791718 0.757615923881531 0.754631876945496 0.747486650943756 0.739643335342407
0.745679259300232 0.703827023506165 0.671888887882233 0.633465945720673 0.614590346813202 0.655590355396271 0.615989983081818 0.692419648170471 0.744131505489349 0.723256647586823 0.774637043476105 0.742927014827728 0.726157784461975 0.723768889904022 0.754473328590393 0.805986285209656 0.776114463806152 0.755127429962158 0.791236281394958 0.770357429981232 0.73534482717514 0.64119964838028 0.639825940132141 0.69839072227478 0.742003321647644 0.557429254055023 0.593824803829193 0.553179264068604 0.619174063205719 0.76193630695343 0.724777042865753 0.703749239444733 0.672602236270905 0.660842955112457 0.700784802436829 0.672883689403534 0.663822948932648 0.629971086978912 0.674481868743896 0.684303343296051 0.781267404556274 0.77814108133316 0.780250728130341 0.782534420490265 0.774630010128021 0.744787395000458 0.765141844749451 0.845743715763092 0.848331868648529 0.757899641990662
0.740144431591034 0.739872217178345 0.681375205516815 0.65938925743103 0.650128543376923 0.626250743865967 0.558723330497742 0.671172618865967 0.7259481549263 0.689871847629547 0.798866271972656 0.784725904464722 0.714244842529297 0.660059630870819 0.725015163421631 0.764141082763672 0.783482611179352 0.773570358753204 0.750471472740173 0.702127754688263 0.663086295127869 0.527406692504883 0.519499659538269 0.583088874816895 0.622911512851715 0.549385547637939 0.663484811782837 0.53663295507431 0.50951224565506 0.686383724212646 0.658674418926239 0.707454442977905 0.69924408197403 0.704939246177673 0.672060370445251 0.761794447898865 0.787718176841736 0.777982592582703 0.747160017490387 0.723652601242065 0.751991868019104 0.789584457874298 0.782603681087494 0.790271818637848 0.796280026435852 0.748376667499542 0.769024789333344 0.866797029972076 0.862914085388184 0.808842957019806
0.752497017383575 0.72296816110611 0.712780356407166 0.647146642208099 0.730449259281158 0.765654802322388 0.731339633464813 0.701815187931061 0.658030390739441 0.692198157310486 0.74120706319809 0.740587413311005 0.721788167953491 0.570485949516296 0.617554426193237 0.69044816493988 0.749790012836456 0.661722600460052 0.677411079406738 0.704704821109772 0.580632209777832 0.64460813999176 0.519781112670898 0.566341876983643 0.614088892936707 0.680347800254822 0.60976630449295 0.46429517865181 0.660048127174377 0.72643256187439 0.701984822750092 0.642452239990234 0.763586640357971 0.732531487941742 0.747676312923431 0.79198557138443 0.742937803268433 0.745329976081848 0.778598487377167 0.774239599704742 0.719469249248505 0.744799971580505 -3.4e+38 -3.4e+38 0.773889601230621 0.708238124847412 0.821282565593719 0.869150757789612 0.828643321990967 0.706907749176025
0.755797743797302 0.702111124992371 0.735375165939331 0.688865542411804 0.751519620418549 0.741740345954895 0.765388488769531 0.703323304653168 0.716108500957489 0.729910373687744 0.763300716876984 0.733685553073883 0.710404813289642 0.709332942962646 0.67342072725296 0.683554470539093 0.696907043457031 0.673206269741058 0.693918526172638 0.658922970294952 0.648011088371277 0.723497807979584 0.685711860656738 0.624652564525604 0.679654836654663 0.710732579231262 0.634098172187805 0.552758157253265 0.623354077339172 0.710019648075104 0.746015906333923 0.765567064285278 0.703124463558197 0.693316638469696 0.732683718204498 0.733657419681549 0.738755166530609 0.745359659194946 0.753183722496033 0.774235904216766 -3.4e+38 -3.4e+38 -3.4e+38 -3.4e+38 -3.4e+38 0.725177049636841 0.819543719291687 0.833540380001068 0.842469274997711 0.841776669025421
0.667451083660126 0.610892593860626 0.655102252960205 0.611376643180847 0.736326277256012 0.560561835765839 0.610571503639221 0.587092220783234 0.567835211753845 0.453037023544312 0.574317395687103 0.586528539657593 0.63600480556488 0.689351856708527 0.650028169155121 0.669668138027191 0.634464800357819 0.606980383396149 0.596980392932892 0.598304808139801 0.624590754508972 0.675584435462952 0.666730761528015 0.693614840507507 0.633302569389343 0.572120368480682 0.599149644374847 0.668910026550293 0.737908482551575 0.707734048366547 0.708688497543335 0.721528887748718 0.650008857250214 0.713235199451447 0.678320348262787 0.6817507147789 0.694648146629333 0.70979630947113 0.73146778345108 0.694745898246765 0.743245184421539 0.65177595615387 -3.4e+38 -3.4e+38 -3.4e+38 -3.4e+38 0.842544078826904 0.717952191829681 0.713010728359222 0.81107372045517
0.561268150806427 0.385987043380737 0.717174470424652 0.615440368652344 0.599872589111328 0.55810409784317 0.740537047386169 0.73027515411377 0.744894802570343 0.672308146953583 0.705590009689331 0.784822583198547 0.769589602947235 0.665098547935486 0.606101870536804 0.758882939815521 0.776103734970093 0.732342600822449 0.676798164844513 0.692125916481018 0.671358168125153 0.611584067344666 0.589296698570251 0.74578595161438 0.697518885135651 0.660278916358948 0.657836318016052 0.63240373134613 0.600311875343323 0.623930394649506 0.604453682899475 0.70375257730484 0.539030373096466 0.570372223854065 0.557925939559937 0.6524977684021 0.712368547916412 0.773174822330475 0.767905175685883 0.720294833183289 0.739555895328522 0.724028527736664 0.717902958393097 -3.4e+38 -3.4e+38 -3.4e+38 -3.4e+38 0.73088926076889 0.707765936851501 0.75659590959549
0.653376638889313 0.717644095420837 0.769521474838257 0.741758167743683 0.652859628200531 0.687221467494965 0.766968548297882 0.719191491603851 0.74345999956131 0.64948183298111 0.728512585163116 0.76973557472229 0.70700478553772 0.738316297531128 0.698125898838043 0.654722988605499 0.650002241134644 0.668877780437469 0.686205565929413 0.631788909435272 0.673845946788788 0.554337382316589 0.596162617206573 0.675943732261658 0.658378541469574 0.708440005779266 0.665431141853333 0.514234066009521 0.582072973251343 0.645390391349792 0.763062953948975 0.622465908527374 0.722921133041382 0.666534066200256 0.725160002708435 0.537873327732086 0.502105534076691 0.742992222309113 0.63187962770462 0.580870747566223 0.761103689670563 0.716386675834656 0.750212609767914 -3.4e+38 -3.4e+38 -3.4e+38 -3.4e+38 -3.4e+38 -3.4e+38 -3.4e+38
0.796684801578522 0.779355525970459 0.79415887594223 0.769344449043274 0.788019239902496 0.782007396221161 0.793841481208801 0.795377433300018 0.781305551528931 0.74302738904953 0.776670753955841 0.780668497085571 0.766025185585022 0.714834451675415 0.689594089984894 0.745599269866943 0.753546297550201 0.773374795913696 0.717386662960052 0.564691126346588 0.634181499481201 0.774117410182953 0.624890744686127 0.590835928916931 0.589582979679108 0.655133724212646 0.812348902225494 0.761291861534119 0.601393342018127 0.663151860237122 0.759966671466827 0.462134450674057 0.722985565662384 0.731354415416718 0.771725535392761 0.68121999502182 0.603079617023468 -3.4e+38 0.446610003709793 0.695176303386688 0.63228702545166 0.725573360919952 0.776562213897705 0.78444516658783 -3.4e+38 -3.4e+38 -3.4e+38 -3.4e+38 -3.4e+38 -3.4e+38
0.775938153266907 0.7704918384552 0.804378867149353 0.788508892059326 0.811115920543671 0.771834433078766 0.759397804737091 0.774747788906097 0.788757383823395 0.78655332326889 0.803836286067963 0.776872217655182 0.768440723419189 0.756295919418335 0.756977438926697 0.629686653614044 0.559113681316376 0.691447019577026 0.758799612522125 0.744628131389618 0.556067407131195 0.507889628410339 0.41144186258316 0.556822597980499 0.596518158912659 0.762268900871277 0.792481482028961 0.726881086826324 0.69240665435791 0.621412992477417 0.467541843652725 0.648839235305786 0.71223109960556 0.667872607707977 0.779266655445099 0.758005917072296 0.739759981632233 -3.4e+38 -3.4e+38 -3.4e+38 0.625944435596466 0.581793308258057 0.772719979286194 0.767369627952576 -3.4e+38 -3.4e+38 -3.4e+38 -3.4e+38 -3.4e+38 -3.4e+38
0.777318894863129 0.753094077110291 0.787005960941315 0.779607057571411 0.72886073589325 0.708680391311646 0.756452202796936 0.749213337898254 0.755875170230865 0.701974093914032 0.726233720779419 0.802195906639099 0.803092241287231 0.71322774887085 0.602525889873505 0.610282599925995 0.59317147731781 0.708060741424561 0.701733350753784 0.624834060668945 0.350174456834793 0.521505951881409 0.455200374126434 0.395856291055679 0.599103689193726 0.749544084072113 0.785371840000153 0.752996683120728 0.772734463214874 0.788052976131439 0.617586672306061 0.702107787132263 0.700725197792053 0.702130734920502 0.799562215805054 -3.4e+38 -3.4e+38 -3.4e+38 -3.4e+38 -3.4e+38 -3.4e+38 -3.4e+38 -3.4e+38 -3.4e+38 -3.4e+38 -3.4e+38 -3.4e+38 -3.4e+38 -3.4e+38 -3.4e+38
0.772531509399414 0.754294455051422 0.753816664218903 0.771311461925507 0.718733727931976 0.731630742549896 0.699167013168335 0.748498499393463 0.774782598018646 0.782310724258423 0.769726276397705 0.754196643829346 0.813753306865692 0.801151871681213 0.811365187168121 0.775464475154877 0.71033775806427 0.746051132678986 0.682368159294128 0.607208907604218 0.548451840877533 0.548881471157074 0.437062233686447 0.483325928449631 0.523722589015961 0.762188911437988 0.76947408914566 0.758431077003479 0.737345933914185 0.700777769088745 0.680612206459045 0.716488122940063 0.683659255504608 0.726677060127258 -3.4e+38 -3.4e+38 -3.4e+38 -3.4e+38 -3.4e+38 -3.4e+38 -3.4e+38 -3.4e+38 -3.4e+38 -3.4e+38 -3.4e+38 -3.4e+38 -3.4e+38 -3.4e+38 -3.4e+38 -3.4e+38
0.743072211742401 0.619574427604675 0.696506261825562 0.739110350608826 0.767603695392609 0.717109978199005 0.744745194911957 0.774766683578491 0.772822618484497 0.743172943592072 0.749254047870636 0.747927010059357 0.802717804908752 0.765405178070068 0.792850375175476 0.789298892021179 0.578906655311584 0.597552239894867 0.574781119823456 0.568685531616211 0.548107385635376 0.64405632019043 0.542162597179413 0.538432955741882 0.722113728523254 0.796437382698059 0.780162990093231 0.681168913841248 0.729800760746002 0.741042196750641 0.783038139343262 -3.4e+38 -3.4e+38 -3.4e+38 -3.4e+38 -3.4e+38 -3.4e+38 -3.4e+38 -3.4e+38 -3.4e+38 -3.4e+38 -3.4e+38 -3.4e+38 -3.4e+38 -3.4e+38 -3.4e+38 -3.4e+38 -3.4e+38 -3.4e+38 -3.4e+38
0.719230771064758 0.616517424583435 0.701677024364471 0.698794424533844 0.744769990444183 0.765635550022125 0.733202934265137 0.730354785919189 0.759242236614227 0.691774427890778 0.745979249477386 0.793215930461884 0.788337409496307 0.775331497192383 0.722528517246246 0.612804055213928 0.585081100463867 0.702212989330292 0.559784054756165 0.61255407333374 0.541480720043182 0.685909986495972 0.59396368265152 0.585469245910645 0.782332599163055 0.853943347930908 0.812833309173584 0.815487384796143 0.844488501548767 0.775109231472015 0.756865918636322 -3.4e+38 -3.4e+38 -3.4e+38 -3.4e+38 -3.4e+38 -3.4e+38 -3.4e+38 -3.4e+38 -3.4e+38 -3.4e+38 -3.4e+38 -3.4e+38 -3.4e+38 -3.4e+38 -3.4e+38 -3.4e+38 -3.4e+38 -3.4e+38 -3.4e+38
