pkg/usdm/inst/external/NDVI_season1.asc
NCOLS 279 
NROWS 320 
XLLCORNER 523900.453205175 
YLLCORNER 5622610.68929959 
CELLSIZE 1000 
NODATA_value -3.4e+38 
[rows 110 to 131 of 320, columns 100 to 149 of 279]
0.30993777513504 0.49042072892189 0.427134454250336 0.423777788877487 0.672005534172058 0.604125916957855 0.621171474456787 0.588041841983795 0.558496654033661 0.639640748500824 0.621848523616791 0.612243711948395 0.336596310138702 -3.4e+38 -3.4e+38 -3.4e+38 -3.4e+38 -3.4e+38 -3.4e+38 -3.4e+38 -3.4e+38 -3.4e+38 -3.4e+38 -3.4e+38 -3.4e+38 -3.4e+38 -3.4e+38 -3.4e+38 -3.4e+38 -3.4e+38 -3.4e+38 -3.4e+38 -3.4e+38 -3.4e+38 -3.4e+38 -3.4e+38 -3.4e+38 -3.4e+38 -3.4e+38 -3.4e+38 -3.4e+38 -3.4e+38 -3.4e+38 -3.4e+38 -3.4e+38 -3.4e+38 -3.4e+38 -3.4e+38 -3.4e+38 -3.4e+38
0.45908260345459 0.424984455108643 0.43123334646225 0.530395209789276 0.688137769699097 0.655317068099976 0.640941858291626 0.668575167655945 0.648087799549103 0.632826268672943 0.694262981414795 0.634615182876587 0.573371469974518 -3.4e+38 -3.4e+38 -3.4e+38 -3.4e+38 -3.4e+38 -3.4e+38 -3.4e+38 -3.4e+38 -3.4e+38 -3.4e+38 -3.4e+38 -3.4e+38 -3.4e+38 -3.4e+38 -3.4e+38 -3.4e+38 -3.4e+38 -3.4e+38 -3.4e+38 -3.4e+38 -3.4e+38 -3.4e+38 -3.4e+38 -3.4e+38 -3.4e+38 -3.4e+38 -3.4e+38 -3.4e+38 -3.4e+38 -3.4e+38 -3.4e+38 -3.4e+38 -3.4e+38 -3.4e+38 -3.4e+38 -3.4e+38 -3.4e+38
0.638745903968811 0.503214061260223 0.446813702583313 0.471198886632919 0.676787376403809 0.653867423534393 0.663063704967499 0.638920366764069 0.616048872470856 0.636361479759216 0.667272210121155 0.639035165309906 0.589885175228119 -3.4e+38 -3.4e+38 -3.4e+38 -3.4e+38 -3.4e+38 -3.4e+38 -3.4e+38 -3.4e+38 -3.4e+38 -3.4e+38 -3.4e+38 -3.4e+38 -3.4e+38 -3.4e+38 -3.4e+38 -3.4e+38 -3.4e+38 -3.4e+38 -3.4e+38 -3.4e+38 -3.4e+38 -3.4e+38 -3.4e+38 -3.4e+38 -3.4e+38 -3.4e+38 -3.4e+38 -3.4e+38 -3.4e+38 -3.4e+38 -3.4e+38 -3.4e+38 -3.4e+38 -3.4e+38 -3.4e+38 -3.4e+38 -3.4e+38
0.570001482963562 0.530799984931946 0.448991119861603 0.527929246425629 0.584092617034912 0.451679259538651 0.61485481262207 0.653958916664124 0.703917026519775 0.690937757492065 0.663352251052856 0.678196310997009 0.601645946502686 -3.4e+38 -3.4e+38 -3.4e+38 -3.4e+38 -3.4e+38 -3.4e+38 -3.4e+38 -3.4e+38 -3.4e+38 -3.4e+38 -3.4e+38 -3.4e+38 -3.4e+38 -3.4e+38 -3.4e+38 -3.4e+38 -3.4e+38 -3.4e+38 -3.4e+38 -3.4e+38 -3.4e+38 -3.4e+38 -3.4e+38 -3.4e+38 -3.4e+38 -3.4e+38 -3.4e+38 -3.4e+38 -3.4e+38 -3.4e+38 -3.4e+38 -3.4e+38 -3.4e+38 -3.4e+38 -3.4e+38 -3.4e+38 0.163093701004982
0.682185173034668 0.606943726539612 0.569937765598297 0.578071117401123 0.601957440376282 0.603257060050964 0.642485916614532 0.597625911235809 0.691472589969635 0.637077033519745 0.616532623767853 0.693869650363922 0.699186682701111 0.398247390985489 -3.4e+38 -3.4e+38 -3.4e+38 -3.4e+38 -3.4e+38 -3.4e+38 -3.4e+38 -3.4e+38 -3.4e+38 -3.4e+38 -3.4e+38 -3.4e+38 -3.4e+38 -3.4e+38 -3.4e+38 -3.4e+38 -3.4e+38 -3.4e+38 -3.4e+38 -3.4e+38 -3.4e+38 -3.4e+38 -3.4e+38 -3.4e+38 -3.4e+38 -3.4e+38 -3.4e+38 -3.4e+38 -3.4e+38 -3.4e+38 -3.4e+38 -3.4e+38 -3.4e+38 -3.4e+38 0.509010374546051 0.62736701965332
0.66745924949646 0.64453262090683 0.586802959442139 0.56999260187149 0.669274091720581 0.618475914001465 0.652410387992859 0.69340443611145 0.661231875419617 0.534348905086517 0.623235166072845 0.66726815700531 0.712205529212952 0.630565166473389 -0.0610629618167877 -3.4e+38 -3.4e+38 -3.4e+38 -3.4e+38 -3.4e+38 -3.4e+38 -3.4e+38 -3.4e+38 -3.4e+38 -3.4e+38 -3.4e+38 -3.4e+38 -3.4e+38 -3.4e+38 -3.4e+38 -3.4e+38 -3.4e+38 -3.4e+38 -3.4e+38 -3.4e+38 -3.4e+38 -3.4e+38 -3.4e+38 -3.4e+38 -3.4e+38 -3.4e+38 -3.4e+38 -3.4e+38 -3.4e+38 -3.4e+38 -3.4e+38 -3.4e+38 -0.0203359350562096 0.635383725166321 0.412099242210388
0.681564450263977 0.648834824562073 0.574735939502716 0.385783344507217 0.534899234771729 0.626981854438782 0.620867013931274 0.689838171005249 0.689049243927002 0.689341843128204 0.651838541030884 0.583003342151642 0.702917397022247 0.687065899372101 0.00430814828723669 -3.4e+38 -3.4e+38 -3.4e+38 -3.4e+38 -3.4e+38 -3.4e+38 -3.4e+38 -3.4e+38 -3.4e+38 -3.4e+38 -3.4e+38 -3.4e+38 -3.4e+38 -3.4e+38 -3.4e+38 -3.4e+38 -3.4e+38 -3.4e+38 -3.4e+38 -3.4e+38 -3.4e+38 -3.4e+38 -3.4e+38 -3.4e+38 -3.4e+38 -3.4e+38 -3.4e+38 -3.4e+38 -3.4e+38 -3.4e+38 -3.4e+38 0.249246671795845 0.541790008544922 0.584815561771393 0.491840362548828
0.647492587566376 0.618419647216797 0.668637037277222 0.617470026016235 0.597298502922058 0.68378072977066 0.673176288604736 0.596365571022034 0.558648884296417 0.622992932796478 0.677027404308319 0.662967383861542 0.660138130187988 0.641304790973663 0.480394065380096 -3.4e+38 -3.4e+38 -3.4e+38 -3.4e+38 -3.4e+38 -3.4e+38 -3.4e+38 -3.4e+38 -3.4e+38 -3.4e+38 -3.4e+38 -3.4e+38 -3.4e+38 -3.4e+38 -3.4e+38 -3.4e+38 -3.4e+38 -3.4e+38 -3.4e+38 -3.4e+38 -3.4e+38 -3.4e+38 -3.4e+38 -3.4e+38 -3.4e+38 -3.4e+38 -3.4e+38 -3.4e+38 -3.4e+38 0.246459260582924 0.453657418489456 0.469785183668137 0.421981483697891 0.40856260061264 0.353224813938141
0.688264429569244 0.561100006103516 0.701924800872803 0.667850732803345 0.522374451160431 0.654645204544067 0.65427702665329 0.61493182182312 0.625535905361176 0.675995528697968 0.655941486358643 0.607341468334198 0.62569260597229 0.603410005569458 0.659312605857849 0.588821113109589 -3.4e+38 -3.4e+38 -3.4e+38 -3.4e+38 -3.4e+38 -3.4e+38 -3.4e+38 -3.4e+38 -3.4e+38 -3.4e+38 -3.4e+38 -3.4e+38 -3.4e+38 -3.4e+38 -3.4e+38 -3.4e+38 -3.4e+38 -3.4e+38 -3.4e+38 -3.4e+38 -3.4e+38 -3.4e+38 -3.4e+38 -3.4e+38 -3.4e+38 -3.4e+38 -3.4e+38 0.519273698329926 0.512540757656097 0.537862241268158 0.452356308698654 0.376201122999191 0.44974073767662 0.303375542163849
0.731946289539337 0.680753350257874 0.697705566883087 0.67831814289093 0.583450734615326 0.591899275779724 0.603302955627441 0.680542945861816 0.654920399188995 0.635593712329865 0.620554447174072 0.593720734119415 0.652179598808289 0.681735157966614 0.668182969093323 0.680777013301849 -3.4e+38 -3.4e+38 -3.4e+38 -3.4e+38 -3.4e+38 -3.4e+38 -3.4e+38 -3.4e+38 -3.4e+38 -3.4e+38 -3.4e+38 -3.4e+38 -3.4e+38 -3.4e+38 -3.4e+38 -3.4e+38 -3.4e+38 -3.4e+38 -3.4e+38 -3.4e+38 -3.4e+38 -3.4e+38 -3.4e+38 -3.4e+38 -3.4e+38 -3.4e+38 0.537121474742889 0.523582220077515 0.550696313381195 0.555635213851929 0.53087592124939 0.497018903493881 0.49238333106041 0.60766077041626
0.70426332950592 0.684601128101349 0.600076675415039 0.650787770748138 0.596299231052399 0.617172956466675 0.660812616348267 0.68240886926651 0.59515368938446 0.642584085464478 0.609747409820557 0.592078864574432 0.654343724250793 0.674633681774139 0.686661124229431 0.571986675262451 -3.4e+38 -3.4e+38 -3.4e+38 -3.4e+38 -3.4e+38 -3.4e+38 -3.4e+38 -3.4e+38 -3.4e+38 -3.4e+38 -3.4e+38 -3.4e+38 -3.4e+38 -3.4e+38 -3.4e+38 -3.4e+38 -3.4e+38 -3.4e+38 -3.4e+38 -3.4e+38 -3.4e+38 -3.4e+38 -3.4e+38 -3.4e+38 -3.4e+38 0.0346362888813019 0.469479620456696 0.479260385036469 0.419695556163788 0.487079262733459 0.583048522472382 0.519030392169952 0.4849474132061 0.591204464435577
0.680556654930115 0.698631882667542 0.710809648036957 0.655149281024933 0.639214813709259 0.639804422855377 0.587458491325378 0.610262930393219 0.588433682918549 0.467955201864243 0.522368907928467 0.594377040863037 0.699014067649841 0.684214472770691 0.675847053527832 0.708031833171844 0.186128512024879 -0.0918800011277199 -3.4e+38 -3.4e+38 -3.4e+38 -3.4e+38 -3.4e+38 -3.4e+38 -3.4e+38 -3.4e+38 -3.4e+38 -3.4e+38 -3.4e+38 -3.4e+38 -3.4e+38 -3.4e+38 -3.4e+38 -3.4e+38 -3.4e+38 -3.4e+38 -3.4e+38 -3.4e+38 -3.4e+38 -3.4e+38 -3.4e+38 0.320858508348465 0.507915198802948 0.37191778421402 0.454127788543701 0.499281853437424 0.49349445104599 0.447057783603668 0.355868875980377 0.413588881492615
0.591817438602448 0.677746295928955 0.648078501224518 0.674412190914154 0.714482247829437 0.691868543624878 0.626147389411926 0.486811101436615 0.439661115407944 0.431862950325012 0.449985921382904 0.385235190391541 0.370776653289795 0.57186222076416 0.476504445075989 0.548241496086121 0.585367023944855 -0.0177318528294563 -3.4e+38 -3.4e+38 -3.4e+38 -3.4e+38 -3.4e+38 -3.4e+38 -3.4e+38 -3.4e+38 -3.4e+38 -3.4e+38 -3.4e+38 -3.4e+38 -3.4e+38 -3.4e+38 -3.4e+38 -3.4e+38 -3.4e+38 -3.4e+38 -3.4e+38 -3.4e+38 -3.4e+38 -3.4e+38 -0.151765197515488 0.376423329114914 0.427567422389984 0.396094083786011 0.414838135242462 0.474028885364532 0.57153445482254 0.571447789669037 0.508559226989746 0.38945147395134
0.576854467391968 0.581909239292145 0.628032565116882 0.681434452533722 0.68779331445694 0.675072610378265 0.669701874256134 0.429007768630981 0.357123345136642 0.374857783317566 0.451305568218231 0.523019254207611 0.566298544406891 0.394309639930725 0.645961105823517 0.474501848220825 0.365885555744171 0.0952307432889938 -3.4e+38 -3.4e+38 -3.4e+38 -3.4e+38 -3.4e+38 -3.4e+38 -3.4e+38 -3.4e+38 -3.4e+38 -3.4e+38 -3.4e+38 -3.4e+38 -3.4e+38 -3.4e+38 -3.4e+38 -3.4e+38 -3.4e+38 -3.4e+38 -3.4e+38 -3.4e+38 -3.4e+38 -3.4e+38 0.322120368480682 0.366706669330597 0.426684826612473 0.39964297413826 0.413115561008453 0.395612597465515 0.337755560874939 0.462150007486343 0.472862601280212 0.357627779245377
0.612292587757111 0.594005167484283 0.68032705783844 0.699062585830688 0.681248128414154 0.712170004844666 0.645003318786621 0.288443714380264 0.406101495027542 0.430022597312927 0.439194440841675 0.640773713588715 0.695660352706909 0.649437785148621 0.613211870193481 0.444227397441864 0.287254452705383 -0.0982125923037529 -3.4e+38 -3.4e+38 -3.4e+38 -3.4e+38 -3.4e+38 -3.4e+38 -3.4e+38 -3.4e+38 -3.4e+38 -3.4e+38 -3.4e+38 -3.4e+38 -3.4e+38 -3.4e+38 -3.4e+38 -3.4e+38 -3.4e+38 -3.4e+38 -3.4e+38 -3.4e+38 -3.4e+38 0.289955168962479 0.421786308288574 0.404101490974426 0.353977024555206 0.325019270181656 0.322901487350464 0.413195192813873 0.416834443807602 0.519536316394806 0.496707409620285 0.444679617881775
0.627362966537476 0.684522569179535 0.707898497581482 0.72139185667038 0.729420363903046 0.714631497859955 0.665413320064545 0.539498150348663 0.536578118801117 0.506169617176056 0.565328896045685 0.630152225494385 0.738910377025604 0.654328882694244 0.699358522891998 0.606885552406311 -0.0339125916361809 -3.4e+38 -3.4e+38 -3.4e+38 -3.4e+38 -3.4e+38 -3.4e+38 -3.4e+38 -3.4e+38 -3.4e+38 -3.4e+38 -3.4e+38 -3.4e+38 -3.4e+38 -3.4e+38 -3.4e+38 -3.4e+38 -3.4e+38 -3.4e+38 -3.4e+38 -3.4e+38 0.130800738930702 0.159149631857872 0.32389223575592 0.580467760562897 0.54102885723114 0.357887417078018 0.317866653203964 0.310437023639679 0.472559630870819 0.486088156700134 0.515409231185913 0.414946675300598 0.30490517616272
0.614932239055634 0.68063223361969 0.702642977237701 0.730925559997559 0.712432622909546 0.68300998210907 0.679692983627319 0.688356697559357 0.689793348312378 0.6246737241745 0.669132947921753 0.701440393924713 0.739554047584534 0.711815893650055 0.713351488113403 0.640495955944061 -0.0184459239244461 -3.4e+38 -3.4e+38 -3.4e+38 -3.4e+38 -3.4e+38 -3.4e+38 -3.4e+38 -3.4e+38 -3.4e+38 -3.4e+38 -3.4e+38 -3.4e+38 -3.4e+38 -3.4e+38 -3.4e+38 -3.4e+38 -3.4e+38 -3.4e+38 -3.4e+38 0.15716740489006 0.212132588028908 -0.000568888033740222 0.319838523864746 0.52984631061554 0.562159657478333 0.536457777023315 0.402999252080917 0.40454888343811 0.363092213869095 0.404060751199722 0.443110376596451 0.388215184211731 0.29009073972702
0.472157776355743 0.580733358860016 0.664083302021027 0.646738886833191 0.62092113494873 0.580874443054199 0.649145543575287 0.721874415874481 0.700081884860992 0.691564440727234 0.689904093742371 0.694173336029053 0.674779653549194 0.650506317615509 0.705246269702911 0.615397036075592 0.349468529224396 -3.4e+38 -3.4e+38 -3.4e+38 -3.4e+38 -3.4e+38 -3.4e+38 -3.4e+38 -3.4e+38 -3.4e+38 -3.4e+38 -3.4e+38 -3.4e+38 -3.4e+38 -3.4e+38 -3.4e+38 -3.4e+38 -0.300000011920929 -0.195024818181992 -0.0414566658437252 0.207140371203423 0.235664814710617 0.212382972240448 0.203004822134972 0.512775897979736 0.567103683948517 0.555285573005676 0.471895188093185 0.388628900051117 0.333317786455154 0.365266293287277 0.463554441928864 0.488545566797256 0.301832228899002
0.515250742435455 0.506592988967896 0.586759626865387 0.593132197856903 0.540674090385437 0.512737035751343 0.621254444122314 0.677775204181671 0.673865914344788 0.641914784908295 0.716863334178925 0.715543687343597 0.732342600822449 0.677262246608734 0.253092974424362 0.179310366511345 -3.4e+38 -3.4e+38 -3.4e+38 -3.4e+38 0.220673710107803 -3.4e+38 -3.4e+38 -3.4e+38 -3.4e+38 -3.4e+38 -3.4e+38 -3.4e+38 -3.4e+38 -3.4e+38 -3.4e+38 -3.4e+38 -0.300000011920929 -0.300000011920929 -0.0901848152279854 0.0287051852792501 0.327797025442123 0.328755915164948 0.312434434890747 0.346110373735428 0.490345925092697 0.561669647693634 0.49959260225296 0.53394478559494 0.479262232780457 0.314825922250748 0.402559638023376 0.559758543968201 0.274908900260925 0.540112972259521
0.45732444524765 0.486698895692825 0.522974073886871 0.546187400817871 0.443163335323334 0.495933711528778 0.552781462669373 0.593375563621521 0.636409282684326 0.679557025432587 0.7265385389328 0.710335910320282 0.736552596092224 0.687875926494598 0.448731482028961 0.152522221207619 -3.4e+38 -3.4e+38 -3.4e+38 -0.222250372171402 -3.4e+38 -3.4e+38 -3.4e+38 -3.4e+38 -3.4e+38 -3.4e+38 -3.4e+38 -3.4e+38 -3.4e+38 -3.4e+38 -3.4e+38 -0.289544463157654 -0.282000005245209 -0.122921481728554 -0.0807592570781708 0.233184441924095 0.277125179767609 0.229756295681 0.370379626750946 0.469440370798111 0.496623337268829 0.494553327560425 0.446310728788376 0.602704465389252 0.393605560064316 0.417196661233902 0.313975185155869 0.279502600431442 0.329356670379639 0.571855902671814
0.409400373697281 0.483875930309296 0.582490742206573 0.484987050294876 0.558927774429321 0.56763631105423 0.526607751846313 0.570712566375732 0.580265939235687 0.662814795970917 0.699350714683533 0.745174050331116 0.750352203845978 0.696783304214478 0.692421495914459 0.577691853046417 -3.4e+38 -3.4e+38 -3.4e+38 -3.4e+38 -3.4e+38 -3.4e+38 -3.4e+38 -3.4e+38 -3.4e+38 -3.4e+38 -3.4e+38 -3.4e+38 -3.4e+38 -0.300000011920929 -0.0955840796232224 0.111777774989605 -0.0406355559825897 0.186592221260071 0.302958160638809 0.317711859941483 0.321186661720276 0.468279629945755 0.550587773323059 0.505855917930603 0.526565551757812 0.42637887597084 0.428812950849533 0.574924826622009 0.654887795448303 0.644127786159515 0.46112185716629 0.342385917901993 0.26980260014534 0.438412606716156
0.30683371424675 0.476864069700241 0.504408538341522 0.445993334054947 0.511609613895416 0.547579646110535 0.512975931167603 0.606381833553314 0.595037400722504 0.675653338432312 0.734753310680389 0.679101884365082 0.674379646778107 0.658196687698364 0.677348494529724 0.652644455432892 0.666018128395081 0.416918903589249 -3.4e+38 -3.4e+38 -3.4e+38 -3.4e+38 -3.4e+38 -3.4e+38 -3.4e+38 -3.4e+38 -3.4e+38 -3.4e+38 -0.28262335062027 0.306812584400177 0.371721476316452 0.316237777471542 0.296132951974869 0.369059264659882 0.460835933685303 0.357480734586716 0.466748893260956 0.531123340129852 0.46785444021225 0.473304450511932 0.461632579565048 0.380159646272659 0.334164798259735 0.330809623003006 0.585061490535736 0.584634780883789 0.538393318653107 0.353021860122681 0.311702966690063 0.273489624261856
