pkg/usdm/inst/external/NDVI_season3.asc
NCOLS 279 
NROWS 320 
XLLCORNER 523900.453205175 
YLLCORNER 5622610.68929959 
CELLSIZE 1000 
NODATA_value -3.4e+38 
[rows 198 to 219 of 320, columns 100 to 149 of 279]
0.803940773010254 0.798977017402649 0.791936635971069 0.586571872234344 0.756957769393921 0.7366703748703 0.755104064941406 0.744903326034546 0.644140362739563 0.477033704519272 0.365888148546219 0.448696672916412 0.665603339672089 0.65144556760788 0.662414789199829 0.67328816652298 0.640942573547363 0.715802192687988 0.718298137187958 0.60127854347229 0.522612988948822 0.719651103019714 0.741477787494659 0.769627392292023 0.782636284828186 0.72222775220871 0.730532944202423 0.706833362579346 0.733638525009155 0.708971500396729 0.666608870029449 0.529652237892151 0.769926309585571 0.788500368595123 0.707637012004852 0.764337062835693 0.773952960968018 0.791632950305939 0.757852613925934 0.682961106300354 0.683787405490875 0.699802219867706 0.676421463489532 0.635132968425751 0.741814792156219 0.751235544681549 0.714754819869995 0.724432945251465 0.732630014419556 0.764194428920746
0.43442776799202 0.50215071439743 0.518810749053955 0.414775192737579 0.611924469470978 0.566544830799103 0.430618524551392 0.477192968130112 0.689959228038788 0.689981460571289 0.655935525894165 0.658362984657288 0.596637010574341 0.560819268226624 0.533926665782928 0.619961500167847 0.558216273784637 0.520842611789703 0.557112216949463 0.636557042598724 0.604288160800934 0.642237782478333 0.711107432842255 0.735063314437866 0.704349279403687 0.676059246063232 0.589464068412781 0.658489286899567 0.659157395362854 0.610580027103424 0.705859661102295 0.678860723972321 0.674791097640991 0.726643323898315 0.7794029712677 0.722887754440308 0.625831842422485 0.751512229442596 0.735853314399719 0.622493326663971 0.734407424926758 0.548922598361969 0.590423345565796 0.679084420204163 0.711901128292084 0.707690000534058 0.726622581481934 0.766586303710938 0.745871126651764 0.768142938613892
0.648672938346863 0.55378520488739 0.728108882904053 0.759994447231293 0.693485915660858 0.574066638946533 0.398329615592957 0.577454090118408 0.708774447441101 0.727982938289642 0.611723303794861 0.750190377235413 0.733974456787109 0.640858173370361 0.621798872947693 0.77271443605423 0.671751499176025 0.669851124286652 0.768015563488007 0.74460369348526 0.692548155784607 0.644448518753052 0.569090366363525 0.565043330192566 0.633378148078918 0.648937046527863 0.579488158226013 0.540596663951874 0.511642217636108 0.499819993972778 0.498341858386993 0.583373725414276 0.536914050579071 0.727856278419495 0.760438859462738 0.747626662254333 0.688220024108887 0.564583301544189 0.544357776641846 0.690450370311737 0.678554475307465 0.747812569141388 0.757453680038452 0.761995553970337 0.673492968082428 0.726419627666473 0.772591114044189 0.762453734874725 0.777870714664459 0.784311830997467
0.711832582950592 0.710010766983032 0.745980739593506 0.720722198486328 0.617330372333527 0.489101856946945 0.468593716621399 0.676138162612915 0.698487043380737 0.774086654186249 0.706307411193848 0.745913684368134 0.717835903167725 0.734930753707886 0.685435175895691 0.704883694648743 0.702500760555267 0.692139983177185 0.734373688697815 0.764043688774109 0.773185908794403 0.712343692779541 0.754063725471497 0.641554474830627 0.771802246570587 0.700954794883728 0.597242951393127 0.611685574054718 0.643243730068207 0.757811486721039 0.773863315582275 0.669652581214905 0.640230357646942 0.776716649532318 0.771808505058289 0.744668900966644 0.720958173274994 0.701363682746887 0.76467627286911 0.716425180435181 0.731444418430328 0.741360723972321 0.765968501567841 0.751151859760284 0.716551125049591 0.752818524837494 0.729616641998291 0.757346272468567 0.776813685894012 0.732637405395508
0.645031452178955 0.570152580738068 0.560257434844971 0.599919617176056 0.647393703460693 0.699662566184998 0.681052565574646 0.66093111038208 0.613800406455994 0.682580769062042 0.672075569629669 0.683350384235382 0.706512212753296 0.761306643486023 0.758527040481567 0.73141074180603 0.639971852302551 0.680465936660767 0.773364841938019 0.74350368976593 0.73243111371994 0.785711467266083 0.786027431488037 0.797872602939606 0.802480757236481 0.779101848602295 0.798134803771973 0.809554815292358 0.80120849609375 0.789100348949432 0.726825177669525 0.737528145313263 0.768462598323822 0.79199743270874 0.803345918655396 0.726418137550354 0.763866305351257 0.759679615497589 0.787623345851898 0.746898889541626 0.745048880577087 0.782126307487488 0.797364830970764 0.738831877708435 0.694374799728394 0.778278172016144 0.757652223110199 0.754163682460785 0.767831087112427 0.788452982902527
0.657739281654358 0.61576521396637 0.639697015285492 0.6811403632164 0.626056313514709 0.664063334465027 0.625071108341217 0.682749271392822 0.642855942249298 0.687697410583496 0.657644093036652 0.676513731479645 0.706832230091095 0.696485161781311 0.680341124534607 0.729767382144928 0.679421484470367 0.668455183506012 0.65283590555191 0.666352212429047 0.717464447021484 0.690712213516235 0.739629983901978 0.760994791984558 0.764538168907166 0.797510385513306 0.793832957744598 0.788485169410706 0.786000370979309 0.740415155887604 0.626952588558197 0.795595586299896 0.753223717212677 0.797594428062439 0.749634087085724 0.687715172767639 0.678126275539398 0.714315950870514 0.783701121807098 0.764632940292358 0.784191131591797 0.801569640636444 0.771831095218658 0.761024057865143 0.757926642894745 0.791999995708466 0.793208122253418 0.777736306190491 0.660292208194733 0.57031261920929
0.686008155345917 0.674457430839539 0.660886645317078 0.676121830940247 0.654513359069824 0.652964472770691 0.619075536727905 0.663613319396973 0.587558507919312 0.689140379428864 0.694207787513733 0.64320296049118 0.660658895969391 0.691598534584045 0.721944451332092 0.737176299095154 0.614772200584412 0.682949662208557 0.696111500263214 0.676205158233643 0.622236311435699 0.688013672828674 0.715102970600128 0.654579997062683 0.741347432136536 0.740447402000427 0.763144433498383 0.75043112039566 0.769070386886597 0.69293075799942 0.780313313007355 0.767108142375946 0.776213347911835 0.779391825199127 0.719495177268982 0.701790392398834 0.603628873825073 0.582662224769592 0.68205851316452 0.771038889884949 0.785271883010864 0.791257381439209 0.781932234764099 0.767371475696564 0.786978125572205 0.759741127490997 0.777148127555847 0.745448887348175 0.623873710632324 0.500746667385101
0.639957785606384 0.638018131256104 0.631060004234314 0.656599283218384 0.667742609977722 0.599581837654114 0.659493327140808 0.658955574035645 0.63021594285965 0.674098134040833 0.662112593650818 0.625024795532227 0.726839244365692 0.709286689758301 0.780992209911346 0.750288546085358 0.79631632566452 0.679745197296143 0.713245213031769 0.741604804992676 0.717774450778961 0.703018128871918 0.612742245197296 0.641625165939331 0.674199283123016 0.646109998226166 0.700220346450806 0.77819812297821 0.777225911617279 0.747033715248108 0.778527796268463 0.741997063159943 0.767693340778351 0.757084786891937 0.723416686058044 0.76745480298996 0.670438170433044 0.69312185049057 0.629934430122375 0.761771857738495 0.783972978591919 0.766914844512939 0.781823337078094 0.799034059047699 0.800818145275116 0.785201489925385 0.762778162956238 0.763237059116364 0.630419611930847 0.560281455516815
0.641928911209106 0.656189620494843 0.70799446105957 0.719748914241791 0.60052889585495 0.60934853553772 0.6243896484375 0.634800732135773 0.665830731391907 0.682937026023865 0.679177045822144 0.740960359573364 0.786130368709564 0.782454788684845 0.79367071390152 0.786097407341003 0.77577817440033 0.753491461277008 0.684615194797516 0.692773342132568 0.72542667388916 0.734747767448425 0.640028536319733 0.647869646549225 0.731328904628754 0.774620711803436 0.76343297958374 0.751132965087891 0.75692743062973 0.626254796981812 0.743719279766083 0.630475163459778 0.658730745315552 0.66229259967804 0.729165196418762 0.774671494960785 0.763877034187317 0.73293000459671 0.717327773571014 0.781529605388641 0.792822957038879 0.787014424800873 0.790029644966125 0.800427377223969 0.799693703651428 0.807787418365479 0.71429705619812 0.763736665248871 0.715342223644257 0.706025540828705
0.780499994754791 0.769649982452393 0.79487556219101 0.760674059391022 0.623621106147766 0.668603718280792 0.615106642246246 0.642297387123108 0.674512207508087 0.685152590274811 0.656742990016937 0.700778901576996 0.779695928096771 0.766058504581451 0.691359996795654 0.735717415809631 0.758090019226074 0.768175542354584 0.715290725231171 0.730881869792938 0.684193730354309 0.70253849029541 0.677700400352478 0.718485176563263 0.77160257101059 0.765294790267944 0.761069655418396 0.749895572662354 0.713999629020691 0.661469280719757 0.686348915100098 0.601974785327911 0.700737059116364 0.725235521793365 0.655629277229309 0.774676322937012 0.734118521213531 0.73429924249649 0.744966268539429 0.705612599849701 0.774585902690887 0.781893312931061 0.785574436187744 0.793599247932434 0.779012620449066 0.70736962556839 0.655384838581085 0.768631100654602 0.718411862850189 0.676774799823761
0.834292948246002 0.815462946891785 0.792995929718018 0.728985905647278 0.610991835594177 0.602714419364929 0.659720003604889 0.686868906021118 0.667691111564636 0.670408129692078 0.666627407073975 0.75528222322464 0.730401873588562 0.769986689090729 0.770504474639893 0.747074782848358 0.775007009506226 0.755364835262299 0.653428912162781 0.673857390880585 0.710889637470245 0.786882221698761 0.696338891983032 0.609004437923431 0.619883358478546 0.720270752906799 0.756710350513458 0.761942625045776 0.718885540962219 0.727632939815521 0.759224414825439 0.744980335235596 0.724965572357178 0.619272232055664 0.634311497211456 0.728472948074341 0.681638896465302 0.710740387439728 0.659217774868011 0.59712553024292 0.670344829559326 0.787787437438965 0.734919250011444 0.69660222530365 0.736520349979401 0.768737018108368 0.751392960548401 0.781517386436462 0.761497795581818 0.679202198982239
0.810057759284973 0.754603683948517 0.702419996261597 0.702247381210327 0.596128165721893 0.635029256343842 0.624759256839752 0.648533344268799 0.637015581130981 0.672760009765625 0.705728530883789 0.689747393131256 0.744983315467834 0.75921219587326 0.768937766551971 0.679481863975525 0.762121140956879 0.707192599773407 0.684851109981537 0.750168919563293 0.766272962093353 0.770865559577942 0.747426688671112 0.693305194377899 0.751751482486725 0.741698503494263 0.758557021617889 0.753799617290497 0.745002210140228 0.744099974632263 0.705889999866486 0.616120755672455 0.775844097137451 0.581006646156311 0.550456643104553 0.577312231063843 0.615889608860016 0.673042953014374 0.649739980697632 0.594892621040344 0.681115567684174 0.758025527000427 0.792301833629608 0.756611883640289 0.644655168056488 0.776035904884338 0.797124087810516 0.806204795837402 0.806582570075989 0.758822202682495
0.725382208824158 0.676891505718231 0.782810747623444 0.754816293716431 0.694463729858398 0.644987404346466 0.619328916072845 0.678440392017365 0.73827850818634 0.742504417896271 0.750805914402008 0.762516677379608 0.760389983654022 0.767485558986664 0.778158485889435 0.710476636886597 0.758146286010742 0.734769284725189 0.759161114692688 0.787534832954407 0.799795210361481 0.769455909729004 0.789574444293976 0.746959626674652 0.715658903121948 0.784256637096405 0.773390352725983 0.77408629655838 0.78150999546051 0.751491487026215 0.688667774200439 0.654295921325684 0.653659224510193 0.680409610271454 0.580495178699493 0.667135536670685 0.639127790927887 0.681874454021454 0.666178524494171 0.617540001869202 0.661781132221222 0.773587763309479 0.740856289863586 0.779679238796234 0.784537017345428 0.79106593132019 0.793847024440765 0.793668866157532 0.771768152713776 0.781970739364624
0.734364807605743 0.796935200691223 0.813488900661469 0.535610735416412 0.459775179624557 0.379561841487885 0.579554438591003 0.707896649837494 0.733757436275482 0.780793726444244 0.798857033252716 0.766395568847656 0.777007043361664 0.741576313972473 0.758787393569946 0.710797786712646 0.740632236003876 0.729964792728424 0.756912231445312 0.784740388393402 0.794751465320587 0.803350389003754 0.813435912132263 0.792739629745483 0.771644830703735 0.791661858558655 0.781918168067932 0.694767773151398 0.691654086112976 0.749551117420197 0.72092479467392 0.686997056007385 0.565434813499451 0.693827390670776 0.680548906326294 0.595557034015656 0.63821405172348 0.532693684101105 0.569425165653229 0.652490377426147 0.779982209205627 0.793449640274048 0.818571865558624 0.774918913841248 0.788176655769348 0.757660746574402 0.762189269065857 0.794794082641602 0.788390338420868 0.774118900299072
0.746642589569092 0.68696665763855 0.691421866416931 0.616547763347626 0.565497040748596 0.552465915679932 0.620173335075378 0.689416289329529 0.683869242668152 0.701970756053925 0.629174053668976 0.752813339233398 0.670675158500671 0.706473708152771 0.80344295501709 0.744779288768768 0.604328513145447 0.398869633674622 0.646532595157623 0.772628903388977 0.773230373859406 0.787948906421661 0.795916318893433 0.75019109249115 0.717480361461639 0.745734810829163 0.632044792175293 0.696794092655182 0.574429988861084 0.680248856544495 0.725789248943329 0.636257410049438 0.448221474885941 0.480098873376846 0.395554065704346 0.446937024593353 0.538845539093018 0.540278136730194 0.628845572471619 0.715641140937805 0.819471478462219 0.7901811003685 0.805841505527496 0.832687020301819 0.824254095554352 0.804065942764282 0.816673696041107 0.797951459884644 0.807777762413025 0.813675165176392
0.745368540287018 0.694001078605652 0.707238137722015 0.634779632091522 0.555834472179413 0.479218155145645 0.686015546321869 0.718608856201172 0.744500398635864 0.765819251537323 0.703946650028229 0.754321873188019 0.721534430980682 0.728255927562714 0.749135911464691 0.720495581626892 0.607176303863525 0.385948896408081 0.448202580213547 0.722787380218506 0.671842217445374 0.73466295003891 0.678403317928314 0.615144789218903 0.582631826400757 0.518197417259216 0.613545536994934 0.643131494522095 0.56420373916626 0.609937012195587 0.74992960691452 0.782949268817902 0.75408148765564 0.568901121616364 0.403567403554916 0.492044448852539 0.581015527248383 0.48186594247818 0.624349236488342 0.775676667690277 0.76492965221405 0.785386681556702 0.808547794818878 0.815333306789398 0.803333342075348 0.808161854743958 0.804823338985443 0.756957054138184 0.79203999042511 0.802883684635162
0.72908741235733 0.579871118068695 0.483990371227264 0.639142572879791 0.700430393218994 0.704773724079132 0.726700007915497 0.755540370941162 0.716516315937042 0.747252583503723 0.660861492156982 0.738082945346832 0.791771471500397 0.795415580272675 0.7904292345047 0.785028874874115 0.769474446773529 0.603095173835754 0.536417782306671 0.475413709878922 0.624249279499054 0.729325532913208 0.692978501319885 0.529399991035461 0.602758169174194 0.677905917167664 0.715625584125519 0.687368512153625 0.802918136119843 0.80599445104599 0.802702248096466 0.788789629936218 0.785973727703094 0.77568519115448 0.73096889257431 0.770507752895355 0.687514066696167 0.592297434806824 0.765117764472961 0.778647422790527 0.798044443130493 0.635477066040039 0.722190737724304 0.782397031784058 0.803900003433228 0.792922616004944 0.81197589635849 0.766744792461395 0.774525582790375 0.757054090499878
0.638017773628235 0.699097752571106 0.566769242286682 0.63082480430603 0.747452974319458 0.73542183637619 0.774666666984558 0.783620715141296 0.811468899250031 0.802241861820221 0.780501127243042 0.730961084365845 0.661874055862427 0.743865191936493 0.75305187702179 0.751631855964661 0.768888890743256 0.593745946884155 0.494754821062088 0.56916481256485 0.670564830303192 0.775456309318542 0.770467400550842 0.63973593711853 0.664741098880768 0.772091507911682 0.790339231491089 0.77564001083374 0.74799108505249 0.7615607380867 0.790709614753723 0.737847030162811 0.782921493053436 0.785942614078522 0.719747066497803 0.709360361099243 0.745235204696655 0.780312240123749 0.748297035694122 0.718869984149933 0.754588901996613 0.770464062690735 0.716909229755402 0.754217386245728 0.791902244091034 0.813028514385223 0.824010372161865 0.759176671504974 0.779464423656464 0.804706275463104
0.724318146705627 0.708804070949554 0.548988163471222 0.518946290016174 0.702329635620117 0.760619282722473 0.787057399749756 0.795598149299622 0.799950361251831 0.81752997636795 0.819624066352844 0.797686278820038 0.78381222486496 0.789645195007324 0.765144467353821 0.650152981281281 0.675533711910248 0.623085916042328 0.627276659011841 0.731842577457428 0.809567749500275 0.799785554409027 0.816061854362488 0.817045211791992 0.781943678855896 0.77311110496521 0.784865200519562 0.765619277954102 0.75653737783432 0.718911111354828 0.723370373249054 0.691531836986542 0.644597411155701 0.829976677894592 0.710468173027039 0.706567049026489 0.798900008201599 0.790684819221497 0.788169622421265 0.678222954273224 0.719211101531982 0.789096653461456 0.799830377101898 0.746091485023499 0.8156618475914 0.805530726909637 0.788907051086426 0.772102952003479 0.794672250747681 0.781996309757233
0.774720013141632 0.736690759658813 0.611220359802246 0.287480384111404 0.435570359230042 0.622028529644012 0.776146292686462 0.791292250156403 0.80353444814682 0.808631479740143 0.783943712711334 0.783040344715118 0.780624091625214 0.77421373128891 0.758630752563477 0.670315206050873 0.457898527383804 0.624060750007629 0.680455207824707 0.753237426280975 0.787452578544617 0.632272243499756 0.546013712882996 0.606871843338013 0.74730259180069 0.78869891166687 0.798122584819794 0.794560015201569 0.75921630859375 0.774602591991425 0.750321090221405 0.761548519134521 0.733048141002655 0.792161881923676 0.636178910732269 0.657087802886963 0.817902207374573 0.776250720024109 0.747483730316162 0.708351492881775 0.776559233665466 0.806368172168732 0.794567406177521 0.798308491706848 0.799491822719574 0.811477780342102 0.746580362319946 0.649631083011627 0.725749254226685 0.768400013446808
0.762544810771942 0.720229625701904 0.657210350036621 0.396580368280411 0.530351459980011 0.613272607326508 0.763201117515564 0.812986314296722 0.803392231464386 0.754415154457092 0.757730722427368 0.792205214500427 0.796248912811279 0.766738533973694 0.764294803142548 0.661205172538757 0.563846290111542 0.589071452617645 0.81751149892807 0.843927025794983 0.811464071273804 0.683105945587158 0.291367024183273 0.500817060470581 0.657405197620392 0.76980185508728 0.783611476421356 0.774475157260895 0.818567395210266 0.787335932254791 0.783464074134827 0.772196650505066 0.815805196762085 0.764096319675446 0.56855297088623 0.668797791004181 0.780244052410126 0.740906298160553 0.706414461135864 0.712819278240204 0.801531493663788 0.812048137187958 0.803035914897919 0.79961222410202 0.788483679294586 0.811654448509216 0.78104704618454 0.746042609214783 0.807974815368652 0.788796663284302
0.766697406768799 0.692291855812073 0.643500030040741 0.537219285964966 0.411704063415527 0.543032944202423 0.722920000553131 0.719425201416016 0.731704831123352 0.722115576267242 0.752744436264038 0.727947771549225 0.757364451885223 0.732609629631042 0.716829240322113 0.737957060337067 0.760645568370819 0.759254038333893 0.799368858337402 0.8468918800354 0.820936322212219 0.718497753143311 0.522014439105988 0.780945539474487 0.792046308517456 0.786791086196899 0.782057762145996 0.74878591299057 0.783414840698242 0.823239624500275 0.741419613361359 0.796612977981567 0.815898895263672 0.781875908374786 0.698643684387207 0.783249974250793 0.801135182380676 0.66828590631485 0.709762573242188 0.762537062168121 0.799652576446533 0.807642579078674 0.795341491699219 0.73518705368042 0.805610358715057 0.821472227573395 0.823833703994751 0.833759248256683 0.799933314323425 0.723258137702942
