pkg/usdm/inst/external/NDVI_season3.asc
NCOLS 279 
NROWS 320 
XLLCORNER 523900.453205175 
YLLCORNER 5622610.68929959 
CELLSIZE 1000 
NODATA_value -3.4e+38 
[rows 88 to 109 of 320, columns 200 to 249 of 279]
0.795491874217987 0.768761873245239 0.809038877487183 0.777161836624146 0.744721472263336 0.733980357646942 0.750194430351257 0.804262936115265 0.812422215938568 0.798577010631561 0.796800374984741 0.765401124954224 0.538588881492615 0.689217805862427 0.775127768516541 0.785985946655273 0.823038160800934 0.664330720901489 0.635948538780212 0.728597044944763 0.755156636238098 0.749093353748322 0.776196300983429 0.78786963224411 0.789320766925812 0.748305559158325 0.778727769851685 0.781252205371857 0.762031495571136 0.781028151512146 0.799164056777954 0.769502937793732 0.769513726234436 0.789196312427521 0.785446643829346 0.765641510486603 0.848005950450897 0.737826645374298 0.631004452705383 0.447678506374359 0.522636651992798 0.75746738910675 0.679691135883331 0.664297759532928 0.794797420501709 0.80355703830719 0.774148166179657 0.778718888759613 0.752468883991241 0.753343343734741
0.80274373292923 0.780605912208557 0.745234429836273 0.791657030582428 0.758848547935486 0.791905164718628 0.815355896949768 0.824336647987366 0.806225538253784 0.80550891160965 0.762760758399963 0.766420722007751 0.733749270439148 0.788227021694183 0.790467798709869 0.815757751464844 0.82195109128952 0.703541874885559 0.726647436618805 0.781981825828552 0.804855942726135 0.800972938537598 0.78331071138382 0.735552966594696 0.76473480463028 0.758430361747742 0.791435182094574 0.798574447631836 0.798780381679535 0.781719624996185 0.815402567386627 0.794856667518616 0.742254793643951 0.760274827480316 0.767181873321533 0.801332235336304 0.844784080982208 0.716742932796478 0.679758548736572 0.630771100521088 0.602583348751068 0.70941036939621 0.770438492298126 0.763207018375397 0.81696629524231 0.809304058551788 0.784272968769073 0.779262244701385 0.730968117713928 0.752490401268005
0.806301474571228 0.805559277534485 0.761577427387238 0.802741825580597 0.819003701210022 0.806573331356049 0.814514458179474 0.82621556520462 0.759358525276184 0.776279270648956 0.805545568466187 0.813953340053558 0.796013712882996 0.810259997844696 0.791670024394989 0.795271098613739 0.764086306095123 0.722186326980591 0.77779221534729 0.753265917301178 0.758357763290405 0.828781843185425 0.818230748176575 0.771884441375732 0.747695922851562 0.786928176879883 0.765487790107727 0.746654093265533 0.811602592468262 0.803715527057648 0.824647784233093 0.798553347587585 0.782707393169403 0.762503683567047 0.749341130256653 0.770704805850983 0.732637763023376 0.678551077842712 0.691918909549713 0.761569619178772 0.563572585582733 0.55561774969101 0.696942567825317 0.771169245243073 0.786796271800995 0.809943318367004 0.689900755882263 0.752684831619263 0.718439280986786 0.734082937240601
0.810273349285126 0.770471096038818 0.69603705406189 0.799938917160034 0.81502628326416 0.812855899333954 0.81472259759903 0.792511105537415 0.807409286499023 0.807148516178131 0.763074815273285 0.816845536231995 0.807753682136536 0.812609612941742 0.822979986667633 0.819240748882294 0.78685849905014 0.806482970714569 0.759006679058075 0.762381494045258 0.788483679294586 0.838695526123047 0.829118490219116 0.782557427883148 0.747092962265015 0.766524434089661 0.780141472816467 0.766070365905762 0.781342208385468 0.817783355712891 0.795994460582733 0.799190759658813 0.761141121387482 0.729449987411499 0.783285558223724 0.787242949008942 0.758620738983154 0.682721495628357 0.617439270019531 0.710291504859924 0.765747785568237 0.73287558555603 0.613922595977783 0.726690351963043 0.751910388469696 0.81407630443573 0.646139621734619 0.747398495674133 0.740395545959473 0.723484098911285
0.817818164825439 0.815374433994293 0.815454423427582 0.822709262371063 0.812076270580292 0.815371096134186 0.82651299238205 0.801840007305145 0.816923677921295 0.824347019195557 0.821859240531921 0.807851493358612 0.818481504917145 0.83836442232132 0.818545937538147 0.782749235630035 0.778027057647705 0.777977406978607 0.800511837005615 0.778982222080231 0.779617786407471 0.811861515045166 0.798537015914917 0.744552612304688 0.769362568855286 0.786268532276154 0.787909269332886 0.797633707523346 0.771364092826843 0.773332953453064 0.805672228336334 0.808702945709229 0.78830224275589 0.809357047080994 0.809542238712311 0.768952965736389 0.796032607555389 0.744295179843903 0.486707419157028 0.475282579660416 0.696461081504822 0.737198173999786 0.73789519071579 0.719645202159882 0.710862934589386 0.752322196960449 0.765535533428192 0.759298503398895 0.727270722389221 0.73329222202301
0.824861466884613 0.829889237880707 0.827671825885773 0.819407761096954 0.824184834957123 0.828486680984497 0.804090738296509 0.82697594165802 0.801731824874878 0.751765549182892 0.685812950134277 0.62324446439743 0.721445202827454 0.656392574310303 0.783627808094025 0.808232247829437 0.819367051124573 0.792639255523682 0.775318503379822 0.765410721302032 0.808832585811615 0.799332201480865 0.799624800682068 0.790785908699036 0.754441499710083 0.745957016944885 0.782255172729492 0.795462965965271 0.765887796878815 0.77456146478653 0.805638909339905 0.791285932064056 0.739911496639252 0.820588886737823 0.80379444360733 0.764332950115204 0.780454099178314 0.750904083251953 0.691686689853668 0.552279651165009 0.686403334140778 0.753560721874237 0.755365192890167 0.744105577468872 0.671198904514313 0.606024086475372 0.691229999065399 0.731262981891632 0.691912591457367 0.71181184053421
0.830608904361725 0.83275443315506 0.829881846904755 0.82355147600174 0.829614818096161 0.811834812164307 0.813720762729645 0.824963688850403 0.799624443054199 0.732496321201324 0.568710386753082 0.406461477279663 0.536812961101532 0.632775902748108 0.663065552711487 0.788242936134338 0.811023354530334 0.799150764942169 0.765153706073761 0.754148542881012 0.76573520898819 0.771612584590912 0.796475172042847 0.789847016334534 0.767834424972534 0.765449225902557 0.781517028808594 0.787290394306183 0.76820296049118 0.762986302375793 0.788340747356415 0.786652565002441 0.80651181936264 0.791630744934082 0.78278923034668 0.596667408943176 0.721507430076599 0.757556319236755 0.75395667552948 0.739065945148468 0.743042230606079 0.718428909778595 0.764369249343872 0.759608507156372 0.773586690425873 0.799843728542328 0.78152072429657 0.791091859340668 0.768457412719727 0.74955815076828
0.816481828689575 0.821111083030701 0.812428116798401 0.843313694000244 0.849248886108398 0.832767009735107 0.815701842308044 0.773620009422302 0.657020390033722 0.599686682224274 0.494229644536972 0.545396268367767 0.671947062015533 0.658071458339691 0.759282231330872 0.778982222080231 0.819464087486267 0.780360758304596 0.802644789218903 0.711214423179626 0.774256646633148 0.78538590669632 0.748841106891632 0.760099232196808 0.755939602851868 0.809788167476654 0.817773699760437 0.810498535633087 0.796316683292389 0.79657256603241 0.776534080505371 0.800893306732178 0.761466681957245 0.779169619083405 0.808294057846069 0.729640007019043 0.62449848651886 0.74671071767807 0.739260017871857 0.686395168304443 0.63951188325882 0.65367591381073 0.743699252605438 0.740623354911804 0.746673703193665 0.75098443031311 0.751778542995453 0.776711106300354 0.7332444190979 0.744921505451202
0.823201835155487 0.818151473999023 0.807042241096497 0.84473443031311 0.814548909664154 0.81119704246521 0.740225553512573 0.733537793159485 0.568528175354004 0.671026647090912 0.728305160999298 0.673458158969879 0.694202601909637 0.664058864116669 0.763717412948608 0.756224453449249 0.810918509960175 0.802636682987213 0.784271121025085 0.745473682880402 0.766867399215698 0.735365211963654 0.776947438716888 0.80938333272934 0.796307802200317 0.817062616348267 0.808619618415833 0.80270516872406 0.807724475860596 0.772448122501373 0.71965479850769 0.807424068450928 0.784298121929169 0.772292196750641 0.801446676254272 0.795226693153381 0.745295166969299 0.771263360977173 0.73432445526123 0.599375188350677 0.68514221906662 0.785309970378876 0.760328531265259 0.769151091575623 0.730579257011414 0.73901891708374 0.73441481590271 0.762827038764954 0.74961256980896 0.74194073677063
0.799637794494629 0.779907047748566 0.807035207748413 0.822316646575928 0.810920715332031 0.80728405714035 0.698858857154846 0.772497415542603 0.772271871566772 0.768054842948914 0.799661874771118 0.825130760669708 0.823895573616028 0.795607030391693 0.792918860912323 0.675189614295959 0.808286666870117 0.852575540542603 0.81119704246521 0.790127396583557 0.795054078102112 0.799321472644806 0.785975933074951 0.793684840202332 0.791695535182953 0.816908895969391 0.800752937793732 0.796146273612976 0.797951877117157 0.769054055213928 0.752770364284515 0.81408703327179 0.791221857070923 0.787015199661255 0.820298135280609 0.819901466369629 0.792427778244019 0.764621496200562 0.770008146762848 0.66509336233139 0.702445924282074 0.752735555171967 0.76596999168396 0.730717420578003 0.714924097061157 0.723018884658813 0.737058162689209 0.739155530929565 0.744597017765045 0.744722604751587
0.768665909767151 0.822342574596405 0.823829650878906 0.817598164081573 0.809707760810852 0.819964468479156 0.823736310005188 0.821889996528625 0.782151877880096 0.797490358352661 0.799938142299652 0.79435521364212 0.831382989883423 0.817560374736786 0.814649999141693 0.801971852779388 0.807462990283966 0.816574454307556 0.814618527889252 0.777761459350586 0.774613320827484 0.794212579727173 0.803553700447083 0.791646301746368 0.798413693904877 0.82205331325531 0.809558510780334 0.794212579727173 0.804838538169861 0.794818162918091 0.802716314792633 0.801351487636566 0.813386678695679 0.803878128528595 0.794823348522186 0.801269233226776 0.775730013847351 0.639649271965027 0.737953305244446 0.731996297836304 0.777798891067505 0.769243359565735 0.745908915996552 0.76212739944458 0.733370363712311 0.72896409034729 0.756980001926422 0.73077666759491 0.739134788513184 0.735891103744507
0.807687401771545 0.81467592716217 0.820803701877594 0.815470397472382 0.788635551929474 0.809926271438599 0.806529641151428 0.81275999546051 0.822346270084381 0.821565568447113 0.80736255645752 0.803177773952484 0.815191864967346 0.814462602138519 0.806137800216675 0.799653708934784 0.815444052219391 0.810125589370728 0.797691822052002 0.795262575149536 0.804959237575531 0.815009236335754 0.79828667640686 0.778509616851807 0.810351848602295 0.820368528366089 0.806927800178528 0.789226651191711 0.811854839324951 0.806166291236877 0.790581464767456 0.791009604930878 0.809601128101349 0.801477372646332 0.81168258190155 0.793188154697418 0.763509631156921 0.796065151691437 0.761744797229767 0.773639261722565 0.784025549888611 0.765854835510254 0.743366301059723 0.754098534584045 0.740847051143646 0.759110748767853 0.750685572624207 0.753551125526428 0.756793677806854 0.743639647960663
0.81015145778656 0.803465902805328 0.779315173625946 0.772697031497955 0.818733692169189 0.797829627990723 0.797945916652679 0.766128540039062 0.803312599658966 0.831608176231384 0.817098915576935 0.793947041034698 0.811282575130463 0.827606320381165 0.811768531799316 0.785394430160522 0.803710341453552 0.732938528060913 0.793417036533356 0.804937779903412 0.815773725509644 0.826561450958252 0.816973686218262 0.793437421321869 0.80788779258728 0.803207397460938 0.769513726234436 0.799123704433441 0.715407073497772 0.743688523769379 0.800146281719208 0.774362623691559 0.78100997209549 0.786158502101898 0.792226672172546 0.774493336677551 0.79232519865036 0.778631091117859 0.710953712463379 0.731158137321472 0.809276282787323 0.791274845600128 0.761528551578522 0.767909228801727 0.781356275081635 0.781064093112946 0.767694413661957 0.764374434947968 0.746174812316895 0.776034832000732
0.815178155899048 0.802154064178467 0.82071590423584 0.802703320980072 0.798088490962982 0.790897786617279 0.809818506240845 0.683453321456909 0.722417771816254 0.802137017250061 0.823419988155365 0.803823351860046 0.775848150253296 0.8123859167099 0.815845191478729 0.804238140583038 0.822345554828644 0.824077427387238 0.810690343379974 0.827337026596069 0.791448533535004 0.808016657829285 0.813577771186829 0.797833681106567 0.805730402469635 0.799021482467651 0.812838912010193 0.79764187335968 0.511485934257507 0.650479257106781 0.759444832801819 0.793467402458191 0.809507071971893 0.809898138046265 0.793176293373108 0.775444447994232 0.765125930309296 0.768164455890656 0.775635898113251 0.766364455223083 0.76630961894989 0.797147393226624 0.770126640796661 0.790837049484253 0.796808898448944 0.766601860523224 0.760884463787079 0.758833706378937 0.761848509311676 0.773247063159943
0.800988495349884 0.791314423084259 0.832127749919891 0.819211483001709 0.812538146972656 0.803517401218414 0.771865904331207 0.765616655349731 0.739046275615692 0.780389606952667 0.812512576580048 0.795107781887054 0.791394829750061 0.793599247932434 0.822161853313446 0.804098546504974 0.78729259967804 0.824944078922272 0.810505568981171 0.815458178520203 0.75507926940918 0.741494417190552 0.761690020561218 0.77930074930191 0.821168899536133 0.812017023563385 0.79861444234848 0.77619332075119 0.466059267520905 0.67425000667572 0.735235929489136 -3.4e+38 -3.4e+38 -3.4e+38 -3.4e+38 -3.4e+38 -3.4e+38 -3.4e+38 -3.4e+38 -3.4e+38 -3.4e+38 -3.4e+38 -3.4e+38 -3.4e+38 -3.4e+38 -3.4e+38 -3.4e+38 0.77916294336319 0.779653310775757 0.779560744762421
0.820459246635437 0.822471857070923 0.8249351978302 0.832803308963776 0.811323702335358 0.796448171138763 0.79457813501358 0.78129518032074 0.76337742805481 0.796527028083801 0.801488876342773 0.805678904056549 0.783881843090057 0.81375777721405 0.796707034111023 0.759493708610535 0.774502217769623 0.812876641750336 0.826571881771088 0.784314811229706 0.756923735141754 0.716753304004669 0.744009256362915 0.763556301593781 0.823829650878906 0.825922191143036 0.821521818637848 0.551982939243317 0.484588891267776 -3.4e+38 -3.4e+38 -3.4e+38 -3.4e+38 -3.4e+38 -3.4e+38 -3.4e+38 -3.4e+38 -3.4e+38 -3.4e+38 -3.4e+38 -3.4e+38 -3.4e+38 -3.4e+38 -3.4e+38 -3.4e+38 -3.4e+38 -3.4e+38 -3.4e+38 -3.4e+38 -3.4e+38
0.807167410850525 0.829059243202209 0.810608863830566 0.809140741825104 0.822017014026642 0.807622969150543 0.796666264533997 0.786762952804565 0.772918164730072 0.733637392520905 0.716127395629883 0.752244830131531 0.788656294345856 0.787665188312531 0.780891120433807 0.766083359718323 0.820504784584045 0.817956686019897 0.793981850147247 0.80183070898056 0.754304051399231 0.784116685390472 0.781981825828552 0.778044044971466 0.807793319225311 0.810044050216675 0.821117043495178 0.755140006542206 -3.4e+38 -3.4e+38 -3.4e+38 -3.4e+38 -3.4e+38 -3.4e+38 -3.4e+38 -3.4e+38 -3.4e+38 -3.4e+38 -3.4e+38 -3.4e+38 -3.4e+38 -3.4e+38 -3.4e+38 -3.4e+38 -3.4e+38 -3.4e+38 -3.4e+38 -3.4e+38 -3.4e+38 -3.4e+38
0.793835163116455 0.817384839057922 0.821658492088318 0.787506639957428 0.794585525989532 0.77728146314621 0.786455154418945 0.817347764968872 0.790147423744202 0.801361083984375 0.816597044467926 0.80573034286499 0.81672590970993 0.804808914661407 0.812491476535797 0.784052193164825 0.672769606113434 0.81027889251709 0.789476275444031 0.795927762985229 0.770077764987946 0.794121146202087 0.812209606170654 0.798938155174255 0.782208859920502 0.78690630197525 0.788252592086792 0.76849627494812 -3.4e+38 -3.4e+38 -3.4e+38 -3.4e+38 -3.4e+38 -3.4e+38 -3.4e+38 -3.4e+38 -3.4e+38 -3.4e+38 -3.4e+38 -3.4e+38 -3.4e+38 -3.4e+38 -3.4e+38 -3.4e+38 -3.4e+38 -3.4e+38 -3.4e+38 -3.4e+38 -3.4e+38 -3.4e+38
0.820509612560272 0.789174437522888 0.793170392513275 0.773050367832184 0.772225916385651 0.799708485603333 0.814401507377625 0.795244455337524 0.808912992477417 0.821119248867035 0.816890716552734 0.8155477643013 0.818541467189789 0.79326331615448 0.805901110172272 0.816750347614288 0.765571475028992 0.74816632270813 0.789260029792786 0.789789974689484 0.799178898334503 0.818451464176178 0.809037029743195 0.784472584724426 0.806833326816559 0.788058876991272 0.790524423122406 0.776133358478546 -3.4e+38 -3.4e+38 -3.4e+38 -3.4e+38 -3.4e+38 -3.4e+38 -3.4e+38 -3.4e+38 -3.4e+38 -3.4e+38 -3.4e+38 -3.4e+38 -3.4e+38 -3.4e+38 -3.4e+38 -3.4e+38 -3.4e+38 -3.4e+38 -3.4e+38 -3.4e+38 -3.4e+38 -3.4e+38
0.822752594947815 0.826898872852325 0.783238530158997 0.794393360614777 0.77944815158844 0.804960012435913 0.791451871395111 0.812121510505676 0.808851838111877 0.81054812669754 0.815047025680542 0.799489259719849 0.801873683929443 0.812132239341736 0.812494456768036 0.801243305206299 0.773350775241852 0.775001466274261 0.758867800235748 0.786171495914459 0.793678164482117 0.802038908004761 0.780142605304718 0.768377065658569 0.754913330078125 0.781027019023895 0.817551136016846 0.811178863048553 0.799303710460663 -3.4e+38 -3.4e+38 -3.4e+38 -3.4e+38 -3.4e+38 -3.4e+38 -3.4e+38 -3.4e+38 -3.4e+38 -3.4e+38 -3.4e+38 -3.4e+38 -3.4e+38 -3.4e+38 -3.4e+38 -3.4e+38 -3.4e+38 -3.4e+38 -3.4e+38 -3.4e+38 -3.4e+38
0.841263353824615 0.800580739974976 0.787193357944489 0.810997426509857 0.80192631483078 0.80023854970932 0.755394458770752 0.821892976760864 0.821232199668884 0.786381125450134 0.631049275398254 0.680275559425354 0.782504439353943 0.816344439983368 0.802053332328796 0.800785183906555 0.779852211475372 0.788790345191956 0.780052244663239 0.791935920715332 0.791950404644012 0.808927774429321 0.797800362110138 0.799615919589996 0.743208527565002 0.805858135223389 0.810940384864807 0.811428904533386 0.788230001926422 -3.4e+38 -3.4e+38 -3.4e+38 -3.4e+38 -3.4e+38 -3.4e+38 -3.4e+38 -3.4e+38 -3.4e+38 -3.4e+38 -3.4e+38 -3.4e+38 -3.4e+38 -3.4e+38 -3.4e+38 -3.4e+38 -3.4e+38 -3.4e+38 -3.4e+38 -3.4e+38 -3.4e+38
0.825834810733795 0.818589270114899 0.814769268035889 0.827636659145355 0.77824592590332 0.770270347595215 0.801803350448608 0.830028533935547 0.818345189094543 0.757357060909271 0.636658132076263 0.742085158824921 0.751242220401764 0.798088550567627 0.813238859176636 0.802934467792511 0.800085544586182 0.791656672954559 0.777098178863525 0.791184782981873 0.801698505878448 0.817038118839264 0.813785552978516 0.77047336101532 0.813266694545746 0.813997030258179 0.809984087944031 0.815244436264038 0.780967772006989 -3.4e+38 -3.4e+38 -3.4e+38 -3.4e+38 -3.4e+38 -3.4e+38 -3.4e+38 -3.4e+38 -3.4e+38 -3.4e+38 -3.4e+38 -3.4e+38 -3.4e+38 -3.4e+38 -3.4e+38 -3.4e+38 -3.4e+38 -3.4e+38 -3.4e+38 -3.4e+38 -3.4e+38
