pkg/usdm/inst/external/NDVI_season1.asc
NCOLS 279 
NROWS 320 
XLLCORNER 523900.453205175 
YLLCORNER 5622610.68929959 
CELLSIZE 1000 
NODATA_value -3.4e+38 
[rows 220 to 241 of 320, columns 50 to 99 of 279]
0.299785196781158 0.3027403652668 -3.4e+38 0.438314437866211 0.391215920448303 0.372420370578766 0.345592588186264 -3.4e+38 -3.4e+38 -3.4e+38 -3.4e+38 -3.4e+38 -3.4e+38 -3.4e+38 -3.4e+38 -3.4e+38 -3.4e+38 -3.4e+38 -3.4e+38 0.344919621944427 0.481108903884888 0.314771860837936 0.345956295728683 0.330714821815491 0.45420628786087 0.399892210960388 0.346059620380402 0.415361851453781 0.39092555642128 0.416276305913925 0.387396663427353 0.383225917816162 0.391315937042236 0.366827040910721 0.350007027387619 0.432663708925247 0.389387398958206 0.387688159942627 0.365758895874023 0.381770014762878 0.402161866426468 0.348618507385254 0.401644438505173 0.493613332509995 0.503977060317993 0.605294823646545 0.588525891304016 0.514316320419312 0.606746315956116 0.600503325462341
0.391195565462112 -3.4e+38 -3.4e+38 0.42023777961731 0.39871221780777 0.397236675024033 0.461111843585968 0.362086296081543 0.36865222454071 -3.4e+38 -3.4e+38 -3.4e+38 -3.4e+38 -3.4e+38 -3.4e+38 -3.4e+38 0.376797050237656 0.349907398223877 0.340258896350861 0.376732230186462 0.42406815290451 0.383596658706665 0.46798038482666 0.316281855106354 0.390485912561417 0.538269281387329 0.417489618062973 0.373948156833649 0.365940749645233 0.368530750274658 0.353555917739868 0.378827393054962 0.33088555932045 0.377170383930206 0.367752224206924 0.393281847238541 0.337194830179214 0.392193347215652 0.381300359964371 0.359626650810242 0.420458525419235 0.528585910797119 0.579248130321503 0.652144074440002 0.550691843032837 0.548412978649139 0.584406673908234 0.567321479320526 0.588900744915009 0.717091858386993
-3.4e+38 -3.4e+38 -3.4e+38 0.355755567550659 0.426177769899368 0.423561841249466 0.409444808959961 0.337555199861526 0.384678155183792 0.439607411623001 0.419745922088623 0.399619251489639 0.406070739030838 0.40686222910881 0.383194804191589 0.290979266166687 0.271970361471176 0.34650519490242 0.342537403106689 0.316228896379471 0.318388521671295 0.393736660480499 0.367078900337219 0.345958888530731 0.380635559558868 0.375184804201126 0.398245930671692 0.382744431495667 0.436085551977158 0.432063341140747 0.401334434747696 0.399356663227081 0.415466666221619 0.405239254236221 0.401608884334564 0.391643702983856 0.344799250364304 0.51957780122757 0.461549997329712 0.442571103572845 0.583082973957062 0.662499606609344 0.623885571956635 0.639678120613098 0.590284466743469 0.379808157682419 0.472069621086121 0.527490377426147 0.518129646778107 0.682374060153961
-3.4e+38 -3.4e+38 -3.4e+38 -3.4e+38 0.368325561285019 0.355284810066223 0.457891494035721 0.417730748653412 0.428436279296875 0.445255547761917 0.390135198831558 0.360144436359406 0.323158532381058 0.343832224607468 0.385349243879318 0.315856665372849 0.311239987611771 0.29839962720871 0.339432954788208 0.34108629822731 0.345471858978271 0.418627023696899 0.322662591934204 0.352283328771591 0.429706662893295 0.478455185890198 0.416011840105057 0.400022953748703 0.346190750598907 0.369659245014191 0.398806303739548 0.469961851835251 0.48260110616684 0.449454456567764 0.487587779760361 0.613812565803528 0.541417419910431 0.62538480758667 0.641734838485718 0.606691479682922 0.61674553155899 0.68090409040451 0.627551853656769 0.580272614955902 0.549610018730164 0.510420739650726 0.522457778453827 0.352660745382309 0.347563713788986 0.482783704996109
0.294483333826065 0.258035928010941 -3.4e+38 -3.4e+38 -3.4e+38 -3.4e+38 -3.4e+38 -3.4e+38 0.427813708782196 0.551144063472748 0.49656480550766 0.410675197839737 0.373635172843933 0.440028876066208 0.376407414674759 0.300047785043716 0.332631856203079 0.327778518199921 0.428927779197693 0.431185573339462 0.341410368680954 0.373546302318573 0.358536660671234 0.429909259080887 0.428068518638611 0.336041480302811 0.333663702011108 0.569887042045593 0.487828880548477 0.342587411403656 0.36084258556366 0.614790380001068 0.594536304473877 0.528082966804504 0.540995180606842 0.626677393913269 0.532620012760162 0.592042207717896 0.573958158493042 0.629598498344421 0.618007063865662 0.666859269142151 0.642638146877289 0.53326553106308 0.418247789144516 0.475079268217087 0.470120370388031 0.288338899612427 0.254305571317673 0.421770751476288
0.353179633617401 0.332424432039261 0.403674066066742 0.356835186481476 -3.4e+38 0.377465933561325 0.450379639863968 0.433440744876862 0.384722948074341 0.44249814748764 0.481108903884888 0.400772213935852 0.326454073190689 0.368105560541153 0.385784804821014 0.350740730762482 0.293940752744675 0.353922218084335 0.37793704867363 0.461808890104294 0.429240375757217 0.381121098995209 0.398439258337021 0.354211121797562 0.344942957162857 0.44669184088707 0.512566685676575 0.51519775390625 0.563825905323029 0.472494453191757 0.439692586660385 0.511377394199371 0.576687037944794 0.516222953796387 0.505223333835602 0.497689634561539 0.466220736503601 0.563924074172974 0.557890713214874 0.612935185432434 0.523069977760315 0.523103356361389 0.648301124572754 0.621853709220886 0.430074453353882 0.498967409133911 0.35889333486557 0.32689443230629 0.259227782487869 0.319206297397614
0.398560374975204 0.387966305017471 0.343120753765106 0.346122235059738 0.417916297912598 0.464152216911316 0.447797030210495 0.375905185937881 0.410757422447205 0.433912605047226 0.471749991178513 0.449908524751663 0.465118527412415 0.420268148183823 0.403044432401657 0.379954069852829 0.358605563640594 0.444687783718109 0.444468885660172 0.511294841766357 0.430866658687592 0.419238895177841 0.373907029628754 0.349856287240982 0.374141484498978 0.440048515796661 0.434628158807755 0.48935666680336 0.593384087085724 0.57441109418869 0.589285552501678 0.421782582998276 0.480484068393707 0.48998036980629 0.528188526630402 0.564707398414612 0.554586291313171 0.585980713367462 0.560739636421204 0.555235207080841 0.463201493024826 0.46821665763855 0.560622215270996 0.55607146024704 0.489463716745377 0.387412965297699 0.411679625511169 0.396719247102737 0.419610738754272 0.364800363779068
0.430160373449326 0.399404078722 0.415995925664902 0.484871476888657 0.520625174045563 0.395996659994125 0.390578150749207 0.372827053070068 0.416977405548096 0.451436668634415 0.4871566593647 0.416992217302322 0.401176661252975 0.503588497638702 0.545942604541779 0.414740741252899 0.439446657896042 0.50379890203476 0.491003334522247 0.411009639501572 0.331033319234848 0.392404824495316 0.363326281309128 0.359481483697891 0.426951110363007 0.527947783470154 0.478468149900436 0.441599249839783 0.599500715732574 0.597058534622192 0.626183331012726 0.584752202033997 0.573102951049805 0.584974467754364 0.519582211971283 0.488930732011795 0.531300365924835 0.558175563812256 0.644962191581726 0.542803704738617 0.433969616889954 0.516939997673035 0.569118499755859 0.582415580749512 0.5684415102005 0.617100358009338 0.441566288471222 0.500914812088013 0.523175895214081 0.44186332821846
0.414321482181549 0.461021482944489 0.40346223115921 0.533717036247253 0.560448884963989 0.502161502838135 0.363681495189667 0.379203706979752 0.442459255456924 0.465003699064255 0.460215181112289 0.44291964173317 0.378379613161087 0.352002948522568 0.383945196866989 0.382531851530075 0.50857001543045 0.582626283168793 0.565892577171326 0.390548139810562 0.366568148136139 0.382610738277435 0.377486288547516 0.38817110657692 0.49767592549324 0.457445174455643 0.409967035055161 0.462605565786362 0.543550729751587 0.597329258918762 0.601609647274017 0.612251460552216 0.607136309146881 0.587909638881683 0.552937030792236 0.517499268054962 0.57453590631485 0.496402949094772 0.353310376405716 0.427272230386734 0.497387766838074 0.56872034072876 0.609604060649872 0.587777435779572 0.527509272098541 0.52359002828598 0.530286312103271 0.641498506069183 0.645802974700928 0.629125893115997
0.484613329172134 0.470448136329651 0.420632213354111 0.458200752735138 0.476131111383438 0.476963698863983 0.388543337583542 0.407452583312988 0.399800002574921 0.379577785730362 0.413489252328873 0.435787051916122 0.361453711986542 0.32432296872139 0.549908876419067 0.501212596893311 0.634159624576569 0.569642961025238 0.654861509799957 0.477518528699875 0.408271849155426 0.502783358097076 0.360375910997391 0.410751491785049 0.430818527936935 0.389928877353668 0.449649631977081 0.473006665706635 0.595241844654083 0.543312966823578 0.648197770118713 0.660212934017181 0.559847772121429 0.595588505268097 0.565429985523224 0.529405534267426 0.439000368118286 0.566751837730408 0.464694827795029 0.532661497592926 0.58707332611084 0.633177042007446 0.647893309593201 0.661523342132568 0.593350768089294 0.563025951385498 0.594063699245453 0.661881506443024 0.642098128795624 0.609452605247498
0.503363311290741 0.480982959270477 0.410494446754456 0.413702219724655 0.406752228736877 0.540653705596924 0.496390014886856 0.40858593583107 0.409802585840225 0.438098877668381 0.432473331689835 0.386501103639603 0.364258527755737 0.371816664934158 0.640217423439026 0.596809267997742 0.591746687889099 0.633836269378662 0.651283323764801 0.63007515668869 0.60793000459671 0.489600002765656 0.429434806108475 0.468329638242722 0.509823322296143 0.515702247619629 0.504566311836243 0.355587035417557 0.572332978248596 0.569042205810547 0.621291100978851 0.575991094112396 0.590193331241608 0.685061872005463 0.611077427864075 0.577677428722382 0.391545563936234 0.573857069015503 0.614120721817017 0.60897034406662 0.614411473274231 0.547773718833923 0.643218159675598 0.672621846199036 0.658644795417786 0.594060361385345 0.591025948524475 0.690215170383453 0.715221464633942 0.668127059936523
0.440055936574936 0.391680359840393 0.461680740118027 0.507475197315216 0.50300520658493 0.497744083404541 0.457197040319443 0.414097398519516 0.391190737485886 0.451942950487137 0.43330517411232 0.356605172157288 0.366037786006927 0.46028333902359 0.545068919658661 0.582395911216736 0.609629988670349 0.564027428627014 0.577277421951294 0.541602611541748 0.570079982280731 0.555381119251251 0.507388532161713 0.578352570533752 0.574644088745117 0.619580745697021 0.436581492424011 0.354334086179733 0.471044063568115 0.368581473827362 0.507970750331879 0.551352977752686 0.628250360488892 0.577854454517365 0.548293709754944 0.547295570373535 0.430955916643143 0.536226272583008 0.618665933609009 0.639567792415619 0.672948896884918 0.626791834831238 0.623692214488983 0.578635156154633 0.55694442987442 0.677570343017578 0.605012595653534 0.603980720043182 0.686939239501953 0.664638161659241
0.400837779045105 0.41740295290947 0.401498138904572 0.495265185832977 0.452962219715118 0.441261470317841 0.403113335371017 0.369622975587845 0.402177035808563 0.453474074602127 0.459001123905182 0.427157402038574 0.463598519563675 0.452943325042725 0.516156673431396 0.473572969436646 0.581391096115112 0.614441096782684 0.582415580749512 0.519782960414886 0.619271874427795 0.605684041976929 0.503730714321136 0.596504092216492 0.542911112308502 0.574313700199127 0.444732964038849 0.414618879556656 0.508143723011017 0.483244061470032 0.552653670310974 0.604451477527618 0.651862621307373 0.600318491458893 0.510415554046631 0.550552248954773 0.620917022228241 0.590105533599854 0.616100370883942 0.621050000190735 0.652195930480957 0.649912238121033 0.597008168697357 0.620617389678955 0.663593351840973 0.657947063446045 0.644637405872345 0.582554817199707 0.617136657238007 0.654946327209473
-3.4e+38 0.402669638395309 0.456400007009506 0.492304086685181 0.458198517560959 0.447861105203629 0.414915174245834 0.388888895511627 0.382235556840897 0.473884433507919 0.44258776307106 0.379868894815445 0.356537789106369 0.527993321418762 0.455342948436737 0.53571629524231 0.593379616737366 0.561377048492432 0.542629659175873 0.533900380134583 0.602436304092407 0.635908126831055 0.531824052333832 0.505815207958221 0.485438138246536 0.511363685131073 0.451684445142746 0.46436333656311 0.53317666053772 0.538569986820221 0.661798894405365 0.666763305664062 0.698027789592743 0.692768156528473 0.644591093063354 0.596018493175507 0.617004096508026 0.647930383682251 0.569989264011383 0.629824817180634 0.673496663570404 0.649097383022308 0.658812582492828 0.547167420387268 0.635845184326172 0.628887057304382 0.692473709583282 0.560677766799927 0.615571856498718 0.652787744998932
-3.4e+38 -3.4e+38 -3.4e+38 -3.4e+38 -3.4e+38 -3.4e+38 -3.4e+38 -3.4e+38 0.414070010185242 0.432668507099152 0.453155547380447 0.371995180845261 0.427312225103378 0.537357807159424 0.507359981536865 0.612321138381958 0.651892602443695 0.587594091892242 0.585861504077911 0.58454555273056 0.576615929603577 0.491131484508514 0.456916302442551 0.526976644992828 0.587638914585114 0.473037034273148 0.533439993858337 0.552371084690094 0.619902610778809 0.673409283161163 0.674957036972046 0.703474819660187 0.650012969970703 0.644733309745789 0.636244416236877 0.606970369815826 0.617142617702484 0.684841454029083 0.595407068729401 0.623825907707214 0.667612969875336 0.619389235973358 0.660175919532776 0.597303688526154 0.631600022315979 0.626111507415771 0.6501185297966 0.579224467277527 0.630568504333496 0.550922989845276
-3.4e+38 -3.4e+38 -3.4e+38 -3.4e+38 -3.4e+38 -3.4e+38 -3.4e+38 -3.4e+38 -3.4e+38 -3.4e+38 0.411378890275955 -3.4e+38 0.362066656351089 0.478964805603027 0.382158517837524 0.491373687982559 0.394233345985413 0.529268860816956 0.548267006874084 0.527890384197235 0.48537814617157 0.565893709659576 0.433980733156204 0.493502587080002 0.571155190467834 0.69008332490921 0.681798875331879 0.658871114253998 0.613478124141693 0.658017039299011 0.63418185710907 0.656708538532257 0.689554452896118 0.661583364009857 0.637852966785431 0.651723325252533 0.667995929718018 0.615586698055267 0.653173685073853 0.669626653194427 0.646688878536224 0.661254465579987 0.639575898647308 0.648858547210693 0.587934076786041 0.598374843597412 0.639045536518097 0.498870015144348 0.652611494064331 -3.4e+38
-3.4e+38 -3.4e+38 -3.4e+38 -3.4e+38 -3.4e+38 -3.4e+38 -3.4e+38 -3.4e+38 -3.4e+38 -3.4e+38 -3.4e+38 -3.4e+38 -3.4e+38 -3.4e+38 0.336764454841614 0.307480752468109 0.37959149479866 0.511528134346008 0.684166669845581 0.585497796535492 0.544569253921509 0.631097018718719 0.517583727836609 0.63405442237854 0.637893736362457 0.66762775182724 0.691615164279938 0.675038158893585 0.658825576305389 0.612905204296112 0.66138631105423 0.604185581207275 0.718487799167633 0.661841869354248 0.583456695079803 0.663349628448486 0.663256287574768 0.654262602329254 0.587138891220093 0.608037054538727 0.605467796325684 0.599466264247894 0.561244070529938 0.615828156471252 0.626406311988831 0.606138527393341 0.596431136131287 -3.4e+38 -3.4e+38 -3.4e+38
-3.4e+38 -3.4e+38 -3.4e+38 -3.4e+38 -3.4e+38 -3.4e+38 -3.4e+38 -3.4e+38 -3.4e+38 -3.4e+38 -3.4e+38 -3.4e+38 -3.4e+38 -3.4e+38 -3.4e+38 0.334408521652222 0.398315191268921 0.486259251832962 0.665884077548981 0.59543776512146 0.522868871688843 0.581245183944702 0.5291748046875 0.618386268615723 0.639585554599762 0.559754431247711 0.569496273994446 0.576934814453125 0.669377744197845 0.600697755813599 0.616782248020172 0.605212211608887 0.66890811920166 0.642405927181244 0.651967406272888 0.658213317394257 0.685012221336365 0.651642620563507 0.614189624786377 0.621097028255463 0.586831867694855 0.523818492889404 0.581570386886597 0.628736317157745 0.60662442445755 0.609229981899261 0.506286323070526 -3.4e+38 -3.4e+38 -3.4e+38
-3.4e+38 -3.4e+38 -3.4e+38 -3.4e+38 -3.4e+38 -3.4e+38 -3.4e+38 -3.4e+38 -3.4e+38 -3.4e+38 -3.4e+38 -3.4e+38 -3.4e+38 -3.4e+38 -3.4e+38 0.400532960891724 0.439859986305237 0.618119657039642 0.62817257642746 0.67783111333847 0.686417043209076 0.626365900039673 0.601445555686951 0.5676229596138 0.640820026397705 0.630123674869537 0.671848893165588 0.655371487140656 -3.4e+38 -3.4e+38 -3.4e+38 -3.4e+38 -3.4e+38 0.605067431926727 0.61079740524292 0.602222979068756 0.673884093761444 0.67901998758316 0.649637043476105 0.582809269428253 0.577395558357239 0.519058167934418 0.61674702167511 0.558223724365234 0.571129262447357 0.61394739151001 -3.4e+38 -3.4e+38 -3.4e+38 -3.4e+38
-3.4e+38 -3.4e+38 -3.4e+38 -3.4e+38 -3.4e+38 -3.4e+38 -3.4e+38 -3.4e+38 -3.4e+38 -3.4e+38 -3.4e+38 -3.4e+38 -3.4e+38 -3.4e+38 -3.4e+38 -3.4e+38 0.479867041110992 0.608059287071228 0.622925937175751 0.733796656131744 0.666102230548859 0.612439274787903 0.630757391452789 0.61528480052948 0.588930010795593 0.631589651107788 -3.4e+38 -3.4e+38 -3.4e+38 -3.4e+38 -3.4e+38 -3.4e+38 -3.4e+38 -3.4e+38 0.56193482875824 0.622555553913116 0.621955931186676 0.623798906803131 0.580152988433838 0.638392984867096 0.558586299419403 0.42294704914093 0.527236640453339 0.56748628616333 0.542150378227234 0.581270396709442 -3.4e+38 -3.4e+38 -3.4e+38 -3.4e+38
0.572838127613068 -3.4e+38 -3.4e+38 -3.4e+38 -3.4e+38 -3.4e+38 -3.4e+38 -3.4e+38 -3.4e+38 -3.4e+38 -3.4e+38 -3.4e+38 -3.4e+38 -3.4e+38 -3.4e+38 -3.4e+38 -3.4e+38 0.59377110004425 0.69085294008255 0.713239967823029 0.723904430866241 0.689242243766785 0.600814819335938 0.627437770366669 -3.4e+38 -3.4e+38 -3.4e+38 -3.4e+38 -3.4e+38 -3.4e+38 -3.4e+38 -3.4e+38 -3.4e+38 0.640068531036377 0.592930734157562 0.612340748310089 0.592689275741577 0.622064471244812 0.557595193386078 0.566460728645325 0.467261105775833 0.520823359489441 0.645666658878326 0.603222191333771 0.510992586612701 -3.4e+38 -3.4e+38 -3.4e+38 -3.4e+38 -3.4e+38
0.431845188140869 0.313162952661514 -3.4e+38 -3.4e+38 -3.4e+38 -3.4e+38 -3.4e+38 -3.4e+38 -3.4e+38 -3.4e+38 -3.4e+38 -3.4e+38 -3.4e+38 -3.4e+38 -3.4e+38 -3.4e+38 0.560810029506683 0.626498162746429 0.689905166625977 0.612248539924622 0.558627426624298 0.617525219917297 0.627241492271423 0.676162242889404 -3.4e+38 -3.4e+38 -3.4e+38 -3.4e+38 -3.4e+38 -3.4e+38 -3.4e+38 -3.4e+38 -3.4e+38 0.647408545017242 0.642155170440674 0.615625560283661 0.657834470272064 0.631521880626678 0.617016673088074 0.563001096248627 0.566267430782318 0.612382590770721 0.62894481420517 0.6361203789711 -3.4e+38 -3.4e+38 -3.4e+38 -3.4e+38 -3.4e+38 -3.4e+38
