pkg/usdm/inst/external/NDVI_season1.asc
NCOLS 279 
NROWS 320 
XLLCORNER 523900.453205175 
YLLCORNER 5622610.68929959 
CELLSIZE 1000 
NODATA_value -3.4e+38 
[rows 66 to 87 of 320, columns 200 to 249 of 279]
0.661783337593079 0.591388881206512 0.45184925198555 0.383672595024109 0.364288508892059 0.414080739021301 0.464620381593704 0.476724058389664 0.439197421073914 0.474449634552002 0.517527401447296 0.542428910732269 0.595154821872711 0.544404089450836 0.6185262799263 0.557595193386078 0.589731872081757 0.607108891010284 0.620292961597443 0.570681869983673 0.555182576179504 0.552505552768707 0.583121120929718 0.659511089324951 0.685299277305603 0.640365898609161 0.6694296002388 0.658016264438629 0.525077044963837 0.506906270980835 0.536694824695587 0.550237059593201 0.526869654655457 0.479363709688187 0.46692481637001 0.449261844158173 0.443697780370712 0.420409619808197 0.453604817390442 0.486002951860428 0.460382968187332 0.500112235546112 0.448279619216919 0.417847037315369 0.422273695468903 0.400962948799133 0.464714825153351 0.468732595443726 0.47853147983551 0.523144066333771
0.646922945976257 0.582129240036011 0.488192230463028 0.50737851858139 0.509440720081329 0.503494083881378 0.426135927438736 0.453996658325195 0.435670375823975 0.566061079502106 0.58634889125824 0.532479286193848 0.513376653194427 0.574851095676422 0.563662230968475 0.562542200088501 0.612112581729889 0.642443716526031 0.62221372127533 0.587101459503174 0.5126051902771 0.533950388431549 0.581672966480255 0.52201521396637 0.606117427349091 0.59520298242569 0.716614842414856 0.453002959489822 0.552332580089569 0.6236851811409 0.624721109867096 0.572939991950989 0.56987076997757 0.49529704451561 0.430600017309189 0.507824063301086 0.502850711345673 0.436224818229675 0.478114068508148 0.622899651527405 0.527238130569458 0.528258144855499 0.465925186872482 0.520830392837524 0.51151704788208 0.505894422531128 0.502606689929962 0.478359997272491 0.474419265985489 0.465060383081436
0.691362202167511 0.661327004432678 0.590122222900391 0.607370018959045 0.602857768535614 0.588200747966766 0.476703703403473 0.423563688993454 0.458050727844238 0.583467423915863 0.562315165996552 0.504072964191437 0.464098155498505 0.506007790565491 0.581195950508118 0.584214448928833 0.662835955619812 0.600574791431427 0.624363362789154 0.587610721588135 0.507069647312164 0.520897746086121 0.515701830387115 0.566352963447571 0.618091821670532 0.582204461097717 0.607298135757446 0.562551856040955 0.578721821308136 0.657556653022766 0.608844816684723 0.531047403812408 0.463778138160706 0.493380010128021 0.423674434423447 0.488382965326309 0.441769987344742 0.395212233066559 0.438531845808029 0.528589606285095 0.483390361070633 0.509778141975403 0.481877774000168 0.478198140859604 0.518791496753693 0.49348258972168 0.492051124572754 0.474661469459534 0.521145582199097 0.40575036406517
0.629055559635162 0.7299684882164 0.707220733165741 0.637448906898499 0.587069630622864 0.544453680515289 0.539251089096069 0.491677045822144 0.498153686523438 0.538771867752075 0.503159284591675 0.450214087963104 0.52412074804306 0.524709641933441 0.65353924036026 0.632499635219574 0.67465740442276 0.581492245197296 0.648397028446198 0.691698908805847 0.578873693943024 0.557444095611572 0.522348165512085 0.526554822921753 0.602381825447083 0.59990257024765 0.652122974395752 0.602289974689484 0.610887765884399 0.676194071769714 0.598418176174164 0.442468136548996 0.496888905763626 0.538248121738434 0.464709997177124 0.48137554526329 0.479917407035828 0.438967049121857 0.541615545749664 0.433390378952026 0.4500692486763 0.4240463078022 0.422627776861191 0.448851495981216 0.42393296957016 0.469255179166794 0.489484071731567 0.487932205200195 0.441140383481979 0.428367406129837
0.598987758159637 0.573708534240723 0.664783358573914 0.644458174705505 0.581651508808136 0.507461845874786 0.446959614753723 0.506917417049408 0.537942945957184 0.527241468429565 0.599187016487122 0.606721878051758 0.553280353546143 0.577617406845093 0.663697063922882 0.679306328296661 0.679034054279327 0.66424036026001 0.603240013122559 0.655462980270386 0.615812599658966 0.556500017642975 0.539206326007843 0.48338109254837 0.655429244041443 0.663327753543854 0.598365902900696 0.604978501796722 0.615478157997131 0.613849282264709 0.587824821472168 0.48093593120575 0.475981116294861 0.486525177955627 0.527825951576233 0.467724829912186 0.521441459655762 0.460355937480927 0.526208162307739 0.479072600603104 0.434317767620087 0.427222222089767 0.368817031383514 0.412998527288437 0.526025176048279 0.431575566530228 0.525080382823944 0.424712955951691 0.465571105480194 0.522452592849731
0.666625559329987 0.584805190563202 0.608860373497009 0.599833309650421 0.526054441928864 0.517575204372406 0.449739634990692 0.490963339805603 0.441609263420105 0.463604062795639 0.469015181064606 0.632957756519318 0.559228122234344 0.575753331184387 0.616637408733368 0.578444838523865 0.676538527011871 0.615931510925293 0.597325563430786 0.634194433689117 0.581439614295959 0.621266663074493 0.591464102268219 0.465398877859116 0.583114802837372 0.607787430286407 0.570728898048401 0.601268887519836 0.612350404262543 0.641529262065887 0.6027951836586 0.505426645278931 0.509929239749908 0.472263336181641 0.520442962646484 0.485782593488693 0.479552209377289 0.405947029590607 0.416949987411499 0.433530002832413 0.387472957372665 0.418258160352707 0.432703703641891 0.566948890686035 0.555204808712006 0.453777402639389 0.489888519048691 0.451103329658508 0.461193710565567 0.418989270925522
0.603065550327301 0.580236673355103 0.478114068508148 0.478056281805038 0.452813327312469 0.470714449882507 0.458938896656036 0.471567034721375 0.494679272174835 0.484122604131699 0.557853698730469 0.578388154506683 0.482393324375153 0.536619603633881 0.593361854553223 0.565711855888367 0.559145569801331 0.572942614555359 0.599013686180115 0.623237788677216 0.605532228946686 0.584707379341125 0.589498519897461 0.559238135814667 0.629707396030426 0.62358295917511 0.575458168983459 0.575856328010559 0.603534817695618 0.606223344802856 0.492270737886429 0.483545184135437 0.571410357952118 0.469008892774582 0.52717113494873 0.524212598800659 0.460367769002914 0.448668897151947 0.463155567646027 0.404045552015305 0.388599246740341 0.441075921058655 0.407205551862717 0.513142943382263 0.497217416763306 0.469307035207748 0.450949251651764 0.458428531885147 0.42637038230896 0.426747024059296
0.672611832618713 0.622227430343628 0.603795528411865 0.523920357227325 0.501159250736237 0.565103709697723 0.406875550746918 0.415300369262695 0.466853708028793 0.552738547325134 0.5300133228302 0.486823707818985 0.527954816818237 0.556921124458313 0.50591778755188 0.573222935199738 0.59669703245163 0.569282948970795 0.559490025043488 0.593335211277008 0.520068526268005 0.567517399787903 0.66101998090744 0.61179518699646 0.576689660549164 0.539035201072693 0.529802620410919 0.557588875293732 0.510269284248352 0.509255528450012 0.505798518657684 0.545112609863281 0.612855553627014 0.562742948532104 0.469194829463959 0.570575952529907 0.463688164949417 0.44495889544487 0.460642963647842 0.466865926980972 0.443432599306107 0.378815174102783 0.435392588376999 0.448392599821091 0.470180749893188 0.502883732318878 0.429375559091568 0.489096283912659 0.475531101226807 0.421485185623169
0.64727371931076 0.614921510219574 0.596805572509766 0.677456676959991 0.50553035736084 0.544737756252289 0.560858130455017 0.448985546827316 0.497167766094208 0.575389981269836 0.566298127174377 0.58407187461853 0.541918516159058 0.511962234973907 0.52099221944809 0.61622816324234 0.582556307315826 0.605678915977478 0.662360727787018 0.592535555362701 0.610103726387024 0.59014630317688 0.639798521995544 0.559043705463409 0.583071827888489 0.544174075126648 0.620477437973022 0.449503690004349 0.533126294612885 0.535555899143219 0.535972237586975 0.458907395601273 0.541815578937531 0.589341878890991 0.522367775440216 0.386202216148376 0.485897779464722 0.48752036690712 0.4597048163414 0.443037778139114 0.491106301546097 0.39108482003212 0.404335916042328 0.39651221036911 0.461558133363724 0.386263340711594 0.456398516893387 0.506276309490204 0.497764438390732 0.432565540075302
0.66363000869751 0.648096323013306 0.657901108264923 0.542544841766357 0.500076651573181 0.56323629617691 0.523751139640808 0.450109243392944 0.566368162631989 0.58869481086731 0.584891855716705 0.506520748138428 0.424285173416138 0.533972203731537 0.597961127758026 0.584581851959229 0.606748521327972 0.585574805736542 0.55904632806778 0.590496301651001 0.572062253952026 0.622923731803894 0.605048894882202 0.588133692741394 0.641692578792572 0.642938137054443 0.593775928020477 0.511215567588806 0.598697781562805 0.571684837341309 0.447687774896622 0.5067218542099 0.528345942497253 0.599852979183197 0.651048123836517 0.540829658508301 0.505598902702332 0.478586673736572 0.492729246616364 0.431919991970062 0.466512233018875 0.522729635238647 0.415795177221298 0.456873327493668 0.387006670236588 0.374687403440475 0.457511842250824 0.456940740346909 0.462344437837601 0.501994073390961
0.626383721828461 0.636453688144684 0.619308173656464 0.474824070930481 0.411420732736588 0.537339627742767 0.49996480345726 0.490268528461456 0.5783811211586 0.519751489162445 0.520663321018219 0.588277757167816 0.590414464473724 0.557595908641815 0.534357011318207 0.626190364360809 0.67483776807785 0.591702580451965 0.535177052021027 0.586471140384674 0.61631441116333 0.564224064350128 0.578688144683838 0.573683321475983 0.559131860733032 0.625195562839508 0.681248128414154 0.652649641036987 0.553980767726898 0.51714962720871 0.471644073724747 0.523398876190186 0.469744831323624 0.572809278964996 0.557678163051605 0.488557785749435 0.476278156042099 0.484587401151657 0.474369257688522 0.438662588596344 0.414570748806 0.484894812107086 0.440202981233597 0.419645935297012 0.416230380535126 0.438531488180161 0.432582974433899 0.407555192708969 0.430112212896347 0.480268895626068
0.602867782115936 0.707831144332886 0.662804424762726 0.535144448280334 0.288658142089844 0.570498168468475 0.600956320762634 0.667733311653137 0.568447053432465 0.538664817810059 0.532596290111542 0.579591870307922 0.635070025920868 0.588639974594116 0.570558905601501 0.633865535259247 0.662821471691132 0.532677412033081 0.554904818534851 0.639906287193298 0.567264080047607 0.627207398414612 0.634987413883209 0.612961828708649 0.600332617759705 0.592218160629272 0.586784422397614 0.648210763931274 0.553250372409821 0.426105916500092 0.461661100387573 0.608851850032806 0.611277401447296 0.649675905704498 0.652887046337128 0.556738495826721 0.490869253873825 0.53638219833374 0.509915173053741 0.436171114444733 0.482696294784546 0.444866299629211 0.421314090490341 0.490286290645599 0.483136296272278 0.488377779722214 0.486915916204453 0.449338138103485 0.429731488227844 0.46639296412468
0.695350348949432 0.700541496276855 0.650698900222778 0.571293711662292 0.546094417572021 0.632619976997375 0.671989977359772 0.681220769882202 0.651115536689758 0.565537393093109 0.5112344622612 0.634201467037201 0.577729284763336 0.508722603321075 0.615651845932007 0.680898904800415 0.566322982311249 0.611322224140167 0.560554802417755 0.623354434967041 0.633565545082092 0.63276594877243 0.58778703212738 0.53007298707962 0.55828183889389 0.476849257946014 0.545227408409119 0.555625915527344 0.574008882045746 0.478399246931076 0.466048151254654 0.508958876132965 0.536155581474304 0.613678514957428 0.551209628582001 0.52210146188736 0.524070024490356 0.547281503677368 0.476050734519958 0.457887768745422 0.525481879711151 0.478782951831818 0.532637774944305 0.6155144572258 0.579809606075287 0.49640816450119 0.5564044713974 0.402290731668472 0.412706285715103 0.436846286058426
0.724682986736298 0.741575539112091 0.691170752048492 0.592184841632843 0.668721854686737 0.681715548038483 0.671002566814423 0.66187447309494 0.564915537834167 0.617102563381195 0.597197771072388 0.563018500804901 0.474148899316788 0.543031096458435 0.5840003490448 0.653182983398438 0.66495555639267 0.622843682765961 0.602371871471405 0.551885545253754 0.682290375232697 0.686057031154633 0.56874817609787 0.446877777576447 0.477054804563522 0.500798881053925 0.562259256839752 0.588396668434143 0.435917049646378 0.490398526191711 0.474372953176498 0.578526318073273 0.595817804336548 0.584872961044312 0.431520730257034 0.510064423084259 0.499395549297333 0.575508892536163 0.50402557849884 0.552529275417328 0.514593720436096 0.479620754718781 0.546752572059631 0.615126669406891 0.518779993057251 0.44009667634964 0.48527666926384 0.478677034378052 0.42437332868576 0.392164826393127
0.581704080104828 0.697024822235107 0.618066668510437 0.572553336620331 0.636741459369659 0.677039980888367 0.659661114215851 0.588820397853851 0.626914799213409 0.715839982032776 0.641905188560486 0.563765943050385 0.507227420806885 0.505174815654755 0.653564095497131 0.577171504497528 0.6228266954422 0.590786695480347 0.529734790325165 0.569386303424835 0.588775217533112 0.667902588844299 0.574185192584991 0.454760015010834 0.591020345687866 0.645101487636566 0.597821474075317 0.555184841156006 0.488453716039658 0.449011474847794 0.555760025978088 0.460392206907272 0.468892216682434 0.466201484203339 0.433299988508224 0.496299624443054 0.440556675195694 0.494987398386002 0.480389624834061 0.530735909938812 0.473194062709808 0.515600025653839 0.479421496391296 0.440143346786499 0.578270375728607 0.455168157815933 0.398402214050293 0.486639618873596 0.500855207443237 0.389893710613251
0.563372194766998 0.676639974117279 0.620767056941986 0.66617077589035 0.669674813747406 0.677132248878479 0.672516286373138 0.686503350734711 0.704745173454285 0.627758502960205 0.687332987785339 0.625438511371613 0.543855905532837 0.579701483249664 0.543271481990814 0.550131499767303 0.604117751121521 0.567383706569672 0.564490020275116 0.501546680927277 0.521629273891449 0.575583338737488 0.600638508796692 0.593468129634857 0.580797433853149 0.60392701625824 0.564399600028992 0.50825297832489 0.528014063835144 0.478772222995758 0.458651483058929 0.430785924196243 0.42166593670845 0.425049245357513 0.413479268550873 0.480631113052368 0.460644453763962 0.466677039861679 0.456765174865723 0.460152953863144 0.469776302576065 0.544129252433777 0.4723881483078 0.454940378665924 0.423833340406418 0.390018135309219 0.39801037311554 0.415138155221939 0.419166654348373 0.42309445142746
0.597295165061951 0.623507797718048 0.71320629119873 0.712817788124084 0.689129233360291 0.690427422523499 0.60699850320816 0.6258744597435 0.643754065036774 0.576608896255493 0.61260849237442 0.588226318359375 0.55587112903595 0.584869265556335 0.544323325157166 0.536991477012634 0.563727021217346 0.558933675289154 0.660519242286682 0.564200758934021 0.595933675765991 0.630422234535217 0.573319256305695 0.567824423313141 0.497458517551422 0.575383305549622 0.447408139705658 0.608366668224335 0.516272962093353 0.507578909397125 0.496002227067947 0.439513713121414 0.3943692445755 0.401003688573837 0.431225568056107 0.473529636859894 0.519795179367065 0.56151294708252 0.475101858377457 0.4733966588974 0.483561098575592 0.517037391662598 0.422782212495804 0.405273705720901 0.415373712778091 0.418842971324921 0.41129332780838 0.460891842842102 0.545097053050995 0.479713708162308
0.670784056186676 0.652740001678467 0.627669632434845 0.651584446430206 0.643390715122223 0.613682985305786 0.619984805583954 0.64452999830246 0.575203359127045 0.618288159370422 0.607304811477661 0.524091124534607 0.5620236992836 0.634712994098663 0.560312986373901 0.561321496963501 0.623228132724762 0.585338890552521 0.660993695259094 0.579775929450989 0.58980405330658 0.535111129283905 0.623744428157806 0.603275179862976 0.565951108932495 0.60773628950119 0.53400331735611 0.510570347309113 0.522215187549591 0.575983345508575 0.597232937812805 0.56662517786026 0.427435547113419 0.441013336181641 0.426492959260941 0.464364439249039 0.449771851301193 0.581730365753174 0.598302602767944 0.487396657466888 0.541631460189819 0.425101101398468 0.479478895664215 0.562925934791565 0.505810737609863 0.483379244804382 0.490887403488159 0.474217027425766 0.51166445016861 0.439753711223602
0.64250111579895 0.660692572593689 0.627960026264191 0.593262195587158 0.615572571754456 0.649994075298309 0.675965547561646 0.599283337593079 0.604533672332764 0.610902607440948 0.549518525600433 0.519346296787262 0.533740341663361 0.616200387477875 0.581243336200714 0.56552666425705 0.612652957439423 0.651827037334442 0.559872984886169 0.544535577297211 0.63102924823761 0.453839272260666 0.466204077005386 0.564054787158966 0.536905169487 0.597781836986542 0.572693347930908 0.519177436828613 0.505447030067444 0.589403331279755 0.631427764892578 0.490604072809219 0.405703336000443 0.465810000896454 0.484639644622803 0.507885932922363 0.464548885822296 0.509638547897339 0.483029633760452 0.552577793598175 0.433981478214264 0.478093326091766 0.470989257097244 0.544954061508179 0.492185562849045 0.46214297413826 0.46419295668602 0.550837397575378 0.608201086521149 0.443177789449692
0.641518890857697 0.653135538101196 0.698454797267914 0.652729988098145 0.621954083442688 0.578837037086487 0.602464079856873 0.551238179206848 0.580187380313873 0.623497068881989 0.605528175830841 0.577047049999237 0.548890352249146 0.650117039680481 0.599349617958069 0.522989988327026 0.558464467525482 0.649480760097504 0.626765191555023 0.661307752132416 0.564276695251465 0.440765917301178 0.467294454574585 0.462705552577972 0.534957051277161 0.643195927143097 0.518699288368225 0.60500556230545 0.606664061546326 0.546412944793701 0.643199622631073 0.553047060966492 0.540288865566254 0.582291483879089 0.634517431259155 0.583039283752441 0.477300375699997 0.541222214698792 0.443124085664749 0.634223699569702 0.617409646511078 0.495307773351669 0.536932945251465 0.46164408326149 0.449471861124039 0.474820733070374 0.560168862342834 0.569417059421539 0.458136290311813 0.483956664800644
0.662377059459686 0.647952616214752 0.623564064502716 0.454768508672714 0.488669991493225 0.528756320476532 0.616010725498199 0.584065198898315 0.570386648178101 0.660552561283112 0.651142954826355 0.580878913402557 0.545914471149445 0.657015562057495 0.610012590885162 0.555607378482819 0.58085036277771 0.631522953510284 0.550740718841553 0.60712593793869 0.521041095256805 0.490483343601227 0.566932618618011 0.455014824867249 0.550807058811188 0.571828126907349 0.578012228012085 0.586970388889313 0.506986320018768 0.513941824436188 0.54967850446701 0.509542226791382 0.529157400131226 0.605444431304932 0.627684473991394 0.63039368391037 0.464663326740265 0.425335198640823 0.401668876409531 0.550717771053314 0.59434187412262 0.513584434986115 0.499427765607834 0.490985184907913 0.484269618988037 0.466555565595627 0.481702208518982 0.457814812660217 0.415250360965729 0.404077023267746
0.674460351467133 0.641429662704468 0.606921136379242 0.459472954273224 0.478116303682327 0.467528164386749 0.45810741186142 0.489112228155136 0.541782200336456 0.666910350322723 0.662749230861664 0.527869641780853 0.460627406835556 0.602796673774719 0.643211126327515 0.630645930767059 0.651202976703644 0.621541082859039 0.497888147830963 0.541041493415833 0.51674222946167 0.5099196434021 0.437408894300461 0.467538148164749 0.6043581366539 0.429072976112366 0.500663340091705 0.564534842967987 0.478774428367615 0.481449991464615 0.562717795372009 0.530560374259949 0.514385581016541 0.596052229404449 0.589286267757416 0.521029233932495 0.513916671276093 0.525160729885101 0.386054068803787 0.45158925652504 0.494508892297745 0.516045570373535 0.479570746421814 0.465921103954315 0.576425194740295 0.507594466209412 0.44470888376236 0.477857410907745 0.423105180263519 0.390429615974426
