pkg/usdm/inst/external/NDVI_season2.asc
NCOLS 279 
NROWS 320 
XLLCORNER 523900.453205175 
YLLCORNER 5622610.68929959 
CELLSIZE 1000 
NODATA_value -3.4e+38 
[rows 176 to 197 of 320, columns 150 to 199 of 279]
0.481726676225662 0.523519992828369 0.684719979763031 0.717873334884644 0.69556999206543 0.741996645927429 0.771226644515991 0.741083323955536 0.705246686935425 0.687120020389557 0.785796642303467 0.624406695365906 0.651733338832855 0.689693331718445 0.763729989528656 0.747863352298737 0.678129971027374 0.726036667823792 0.734250009059906 0.709670007228851 0.742566645145416 0.75860333442688 0.748906672000885 0.756196677684784 0.709896683692932 0.749090015888214 0.728846669197083 0.760363340377808 0.792563319206238 0.691070020198822 0.701416671276093 0.749823331832886 0.764543354511261 0.69322669506073 0.499430000782013 0.625376641750336 0.582013309001923 0.643323361873627 0.744313359260559 0.737659990787506 0.650306701660156 0.627306640148163 0.691563308238983 0.611636698246002 0.661440014839172 0.610813319683075 0.724889993667603 0.71029669046402 0.764026641845703 0.673363327980042
0.550943315029144 0.399893343448639 0.619826674461365 0.740533351898193 0.810289978981018 0.76662665605545 0.752330005168915 0.732500016689301 0.742873311042786 0.587443351745605 0.785483360290527 0.769386649131775 0.767700016498566 0.767830014228821 0.734430015087128 0.670006692409515 0.611633360385895 0.682743310928345 0.724110007286072 0.739103317260742 0.763243317604065 0.771759986877441 0.683300018310547 0.714633345603943 0.746209979057312 0.626053333282471 0.704526662826538 0.60887998342514 0.655826687812805 0.618210017681122 0.52238667011261 0.733233332633972 0.791303336620331 0.722933351993561 0.647173345088959 0.503646671772003 0.634096682071686 0.642006635665894 0.674993336200714 0.702206671237946 0.734003305435181 0.698076665401459 0.71587997674942 0.717930018901825 0.678266644477844 0.666759967803955 0.714420020580292 0.747703313827515 0.714436650276184 0.753889977931976
0.63687002658844 0.68094664812088 0.716449975967407 0.727466642856598 0.800920009613037 0.796156644821167 0.73007333278656 0.723940014839172 0.700233340263367 0.604330003261566 0.76992666721344 0.755626678466797 0.787050008773804 0.761833310127258 0.672670006752014 0.688583314418793 0.663020014762878 0.719640016555786 0.763239979743958 0.785006642341614 0.757019996643066 0.71928334236145 0.720866680145264 0.616236686706543 0.72014331817627 0.711703360080719 0.434963345527649 0.499583333730698 0.575293362140656 0.56138002872467 0.527426660060883 0.606629967689514 0.769813299179077 0.735753357410431 0.694100022315979 0.668873310089111 0.721943318843842 0.745679974555969 0.795893311500549 0.725523352622986 0.700366675853729 0.689856648445129 0.774996638298035 0.76583331823349 0.732473313808441 0.63617330789566 0.704089999198914 0.758056640625 0.695776641368866 0.741203308105469
0.771790027618408 0.742556691169739 0.729476690292358 0.706160008907318 0.768739998340607 0.808669984340668 0.812353312969208 0.761136651039124 0.57967334985733 0.685779988765717 0.748709976673126 0.751936674118042 0.793009996414185 0.761940002441406 0.620753347873688 0.712823331356049 0.706740021705627 0.720659971237183 0.753446698188782 0.767756640911102 0.729220032691956 0.640023350715637 0.733403325080872 0.613916635513306 0.6735799908638 0.420076668262482 0.431036680936813 0.494556665420532 0.529940009117126 0.557376682758331 0.5659099817276 0.678436636924744 0.720963358879089 0.657576680183411 0.691806674003601 0.7523033618927 0.801660001277924 0.780763328075409 0.778833329677582 0.669749975204468 0.726466655731201 0.700436651706696 0.777280032634735 0.660856664180756 0.754336655139923 0.717040002346039 0.768660008907318 0.701243340969086 0.694980025291443 0.607370018959045
0.698729991912842 0.794653356075287 0.698350012302399 0.765349984169006 0.746616661548615 0.767243325710297 0.811280012130737 0.80842000246048 0.611249983310699 0.610393345355988 0.68545663356781 0.796883344650269 0.755119979381561 0.613843321800232 0.618709981441498 0.696879982948303 0.716066658496857 0.75300669670105 0.676783323287964 0.742586672306061 0.776593327522278 0.713836669921875 0.71740335226059 0.705850005149841 0.689980030059814 0.647593319416046 0.513953328132629 0.385670006275177 0.405783325433731 0.706210017204285 0.689766645431519 0.688149988651276 0.57709002494812 0.704129993915558 0.747169971466064 0.768350005149841 0.76584666967392 0.754859983921051 0.816626667976379 0.7592933177948 0.678056657314301 0.69416332244873 0.717026650905609 0.606230020523071 0.680096685886383 0.672146677970886 0.577773332595825 0.663166642189026 0.624490022659302 0.589876651763916
0.550983309745789 0.75463330745697 0.701170027256012 0.658203363418579 0.716396689414978 0.77963000535965 0.790903329849243 0.650319993495941 0.485156655311584 0.543980002403259 0.680970013141632 0.789576649665833 0.755036652088165 0.507856667041779 0.664033353328705 0.712140023708344 0.707369983196259 0.779619991779327 0.797293365001678 0.723150014877319 0.709500014781952 0.681203365325928 0.587463319301605 0.625209987163544 0.574840009212494 0.518006682395935 0.508369982242584 0.550769984722137 0.607959985733032 0.656300008296967 0.594359993934631 0.586553335189819 0.553269982337952 0.606859982013702 0.694426655769348 0.681186676025391 0.72573333978653 0.736263334751129 0.77226334810257 0.772296667098999 0.737286686897278 0.684726655483246 0.686513304710388 0.690689980983734 0.715573310852051 0.776806652545929 0.647823333740234 0.695323348045349 0.643353343009949 0.616186678409576
0.714726686477661 0.708046674728394 0.570186674594879 0.570540010929108 0.665983319282532 0.708426654338837 0.745376646518707 0.591813325881958 0.618919968605042 0.742860019207001 0.75394332408905 0.763033330440521 0.77360999584198 0.766499996185303 0.74619334936142 0.657683312892914 0.752860009670258 0.68574333190918 0.679373323917389 0.696923315525055 0.601486682891846 0.57466334104538 0.553139984607697 0.559853315353394 0.527223348617554 0.566529989242554 0.693863332271576 0.686073362827301 0.68261331319809 0.674023330211639 0.625869989395142 0.595820009708405 0.596733331680298 0.63959002494812 0.692526638507843 0.664626657962799 0.721553325653076 0.775036692619324 0.715816676616669 0.761556684970856 0.691933333873749 0.541666686534882 0.612039983272552 0.707130014896393 0.677293300628662 0.743929982185364 0.697323322296143 0.708706676959991 0.684893310070038 0.722029983997345
0.585113346576691 0.617226660251617 0.634856641292572 0.610633313655853 0.704833328723907 0.749756634235382 0.669663310050964 0.683473348617554 0.739183306694031 0.709219992160797 0.68615335226059 0.683456659317017 0.691376686096191 0.717103362083435 0.735260009765625 0.594263315200806 0.707693338394165 0.790059983730316 0.78520667552948 0.752096652984619 0.708126664161682 0.583703339099884 0.588270008563995 0.582526683807373 0.500443339347839 0.627330005168915 0.671056687831879 0.610413312911987 0.73088663816452 0.643999993801117 0.62460333108902 0.601753354072571 0.562276661396027 0.556119978427887 0.684496641159058 0.744153320789337 0.697446644306183 0.682563364505768 0.70608001947403 0.703199982643127 0.654086649417877 0.503836691379547 0.574980020523071 0.65722668170929 0.687823355197906 0.648823320865631 0.693713307380676 0.685930013656616 0.649083316326141 0.706753313541412
0.635343313217163 0.627160012722015 0.650650024414062 0.631986677646637 0.617916643619537 0.702049970626831 0.714023351669312 0.781763315200806 0.690620005130768 0.742446660995483 0.749000012874603 0.677116692066193 0.644869983196259 0.770506680011749 0.770073354244232 0.739963352680206 0.719056665897369 0.730586647987366 0.788956642150879 0.791459977626801 0.743990004062653 0.750236690044403 0.71491003036499 0.687219977378845 0.727826654911041 0.587116658687592 0.616813361644745 0.518433332443237 0.584286689758301 0.572099983692169 0.713859975337982 0.737813353538513 0.645073354244232 0.636636674404144 0.714353322982788 0.712423324584961 0.608096659183502 0.554713308811188 0.619530022144318 0.571223318576813 0.635083317756653 0.664363324642181 0.608413338661194 0.64275997877121 0.756543338298798 0.762973308563232 0.660700023174286 0.610296666622162 0.648606657981873 0.664269983768463
0.650443315505981 0.620986640453339 0.618179976940155 0.58585000038147 0.547226667404175 0.611966669559479 0.606383323669434 0.642880022525787 0.722880005836487 0.652090013027191 0.752439975738525 0.692273318767548 0.682723343372345 0.679903328418732 0.736456692218781 0.807986676692963 0.754803359508514 0.757573306560516 0.760726690292358 0.744193315505981 0.717400014400482 0.628413319587708 0.644363343715668 0.709623336791992 0.749783337116241 0.525723338127136 0.574316680431366 0.548086643218994 0.575020015239716 0.748686671257019 0.701510012149811 0.688383340835571 0.643869996070862 0.640803337097168 0.680293321609497 0.650426685810089 0.641523361206055 0.607286632061005 0.611586689949036 0.561103343963623 0.673613309860229 0.689620018005371 0.660830020904541 0.67290335893631 0.726046681404114 0.712159991264343 0.68231999874115 0.791260004043579 0.789903342723846 0.669383347034454
0.667936682701111 0.65504002571106 0.630416631698608 0.601836681365967 0.554833352565765 0.528983354568481 0.520653307437897 0.603359997272491 0.659386694431305 0.634796679019928 0.751563310623169 0.78507000207901 0.67972332239151 0.606123328208923 0.675406694412231 0.701806664466858 0.760656654834747 0.770500004291534 0.711290001869202 0.701616644859314 0.654053330421448 0.517393350601196 0.505556643009186 0.706110000610352 0.774370014667511 0.622373342514038 0.645433306694031 0.547286689281464 0.507350027561188 0.656010031700134 0.653933346271515 0.693873345851898 0.685630023479462 0.6921466588974 0.599866688251495 0.731660008430481 0.782423317432404 0.771893322467804 0.698026657104492 0.690869987010956 0.711750030517578 0.706516683101654 0.680033326148987 0.715000033378601 0.776933312416077 0.629243314266205 0.590539991855621 0.797383308410645 0.789449989795685 0.741729974746704
0.730019986629486 0.65272331237793 0.639786660671234 0.611643314361572 0.718583345413208 0.769733309745789 0.70702999830246 0.68586665391922 0.648100018501282 0.606393337249756 0.616373300552368 0.702156662940979 0.704316675662994 0.546180009841919 0.596629977226257 0.645803332328796 0.754856646060944 0.636713325977325 0.696139991283417 0.685303330421448 0.594463348388672 0.640160024166107 0.533089995384216 0.625746667385101 0.717333316802979 0.711796641349792 0.593689978122711 0.457026660442352 0.663079977035522 0.72952663898468 0.715510010719299 0.633236646652222 0.720120012760162 0.730930030345917 0.729439973831177 0.676010012626648 0.642930030822754 0.677209973335266 0.725903332233429 0.740056693553925 0.678283333778381 0.69008332490921 -3.4e+38 -3.4e+38 0.748326659202576 0.667050004005432 0.766669988632202 0.799773335456848 0.77756667137146 0.637236654758453
0.711319983005524 0.663770020008087 0.676033318042755 0.648813307285309 0.685549974441528 0.712363362312317 0.738746643066406 0.656056642532349 0.678843319416046 0.688663363456726 0.710409998893738 0.68448668718338 0.671916663646698 0.621256649494171 0.638866662979126 0.638193309307098 0.690156638622284 0.650449991226196 0.667903304100037 0.673323333263397 0.668383359909058 0.743593335151672 0.71546334028244 0.647970020771027 0.70002669095993 0.732590019702911 0.644363343715668 0.54721999168396 0.652083337306976 0.659206688404083 0.725003361701965 0.706506669521332 0.675426661968231 0.680606663227081 0.708833336830139 0.695309996604919 0.682813346385956 0.695773363113403 0.738370001316071 0.74743664264679 -3.4e+38 -3.4e+38 -3.4e+38 -3.4e+38 -3.4e+38 0.705553352832794 0.790759980678558 0.783426642417908 0.782306671142578 0.775009989738464
0.653206646442413 0.61176335811615 0.635716676712036 0.610350012779236 0.695613324642181 0.543826639652252 0.553903341293335 0.570379972457886 0.562730014324188 0.45850333571434 0.600489974021912 0.597243309020996 0.618600010871887 0.69188666343689 0.647620022296906 0.671230018138885 0.573626637458801 0.651840031147003 0.655266642570496 0.617116689682007 0.639720022678375 0.643536686897278 0.656586647033691 0.688246667385101 0.639826655387878 0.556093335151672 0.609679996967316 0.707729995250702 0.715266644954681 0.675130009651184 0.688856661319733 0.700566649436951 0.645259976387024 0.698610007762909 0.679120004177094 0.653366684913635 0.585223317146301 0.63124668598175 0.625596642494202 0.60996001958847 0.636006653308868 0.686393320560455 -3.4e+38 -3.4e+38 -3.4e+38 -3.4e+38 0.792823314666748 0.68465667963028 0.638986647129059 0.757619976997375
0.591486692428589 0.394756674766541 0.647393345832825 0.58924001455307 0.571889996528625 0.525353312492371 0.661073327064514 0.647700011730194 0.695393323898315 0.642149984836578 0.653623342514038 0.748216688632965 0.724583327770233 0.690770030021667 0.645976662635803 0.701666653156281 0.708289980888367 0.716123342514038 0.632816672325134 0.661819994449615 0.623970031738281 0.606673359870911 0.552503347396851 0.72518002986908 0.684516668319702 0.646019995212555 0.644176661968231 0.614633321762085 0.606989979743958 0.612543344497681 0.584846675395966 0.697043359279633 0.556533336639404 0.585813343524933 0.596596658229828 0.565639972686768 0.583336651325226 0.696023344993591 0.643233358860016 0.675843358039856 0.6726433634758 0.683139979839325 0.691506683826447 -3.4e+38 -3.4e+38 -3.4e+38 -3.4e+38 0.685513317584991 0.69266664981842 0.746573328971863
0.614956676959991 0.699133336544037 0.750919997692108 0.698859989643097 0.612796664237976 0.643440008163452 0.737779974937439 0.688583314418793 0.698273360729218 0.574573338031769 0.655613303184509 0.713573336601257 0.645333349704742 0.70813000202179 0.672286689281464 0.64002001285553 0.637790024280548 0.660856664180756 0.674343347549438 0.597776651382446 0.627513349056244 0.515186667442322 0.565303325653076 0.69092333316803 0.640203356742859 0.718150019645691 0.663906633853912 0.571609973907471 0.638440012931824 0.629873335361481 0.749559998512268 0.611223340034485 0.673179984092712 0.593643307685852 0.687009990215302 0.555876672267914 0.477256655693054 0.669966638088226 0.614456653594971 0.585919976234436 0.68966668844223 0.661256670951843 0.698293328285217 -3.4e+38 -3.4e+38 -3.4e+38 -3.4e+38 -3.4e+38 -3.4e+38 -3.4e+38
0.777130007743835 0.780166685581207 0.783840000629425 0.766009986400604 0.779763340950012 0.761816680431366 0.800556659698486 0.796596646308899 0.776523351669312 0.741909980773926 0.746553301811218 0.746806681156158 0.708273351192474 0.627493321895599 0.617463350296021 0.666573345661163 0.701356649398804 0.722463309764862 0.688853323459625 0.572576642036438 0.637616693973541 0.739836692810059 0.641716659069061 0.556533336639404 0.566396653652191 0.641269981861115 0.746446669101715 0.745673358440399 0.618099987506866 0.657503306865692 0.780650019645691 0.496443331241608 0.660063326358795 0.699886679649353 0.74168998003006 0.633093357086182 0.574450016021729 -3.4e+38 0.479319989681244 0.611493349075317 0.591310024261475 0.696659982204437 0.753220021724701 0.750919997692108 -3.4e+38 -3.4e+38 -3.4e+38 -3.4e+38 -3.4e+38 -3.4e+38
0.74850332736969 0.743523359298706 0.769336640834808 0.778596639633179 0.78780335187912 0.751843333244324 0.742940008640289 0.758970022201538 0.761133313179016 0.751356661319733 0.796113312244415 0.766416668891907 0.727119982242584 0.704940021038055 0.6342733502388 0.553593337535858 0.526423335075378 0.631953358650208 0.72363668680191 0.722976684570312 0.58504331111908 0.525556683540344 0.428206652402878 0.573300004005432 0.599960029125214 0.743089973926544 0.743553340435028 0.648599982261658 0.670693337917328 0.624620020389557 0.449576675891876 0.63506668806076 0.621496677398682 0.637586653232574 0.702376663684845 0.662493348121643 0.667806684970856 -3.4e+38 -3.4e+38 -3.4e+38 0.607559978961945 0.549413323402405 0.721563339233398 0.683669984340668 -3.4e+38 -3.4e+38 -3.4e+38 -3.4e+38 -3.4e+38 -3.4e+38
0.739773333072662 0.677770018577576 0.702726662158966 0.73237669467926 0.667050004005432 0.676873326301575 0.740776658058167 0.716226696968079 0.674026668071747 0.693889975547791 0.706103324890137 0.800783336162567 0.791796684265137 0.711336672306061 0.589826643466949 0.58652001619339 0.558610022068024 0.636879980564117 0.597323358058929 0.577830016613007 0.340343326330185 0.517866671085358 0.443866670131683 0.381523340940475 0.554696679115295 0.638546645641327 0.695866644382477 0.686420023441315 0.733963310718536 0.762746691703796 0.59402334690094 0.645683348178864 0.651400029659271 0.660556674003601 0.766650021076202 -3.4e+38 -3.4e+38 -3.4e+38 -3.4e+38 -3.4e+38 -3.4e+38 -3.4e+38 -3.4e+38 -3.4e+38 -3.4e+38 -3.4e+38 -3.4e+38 -3.4e+38 -3.4e+38 -3.4e+38
0.66320663690567 0.682376682758331 0.665433347225189 0.681306660175323 0.69634997844696 0.671276688575745 0.632903337478638 0.699486672878265 0.680486679077148 0.696563303470612 0.741996645927429 0.704119980335236 0.813013315200806 0.8089399933815 0.813050031661987 0.779046654701233 0.696229994297028 0.711333334445953 0.673743307590485 0.596893310546875 0.538973331451416 0.5371333360672 0.419730007648468 0.462940007448196 0.502009987831116 0.711049973964691 0.735289990901947 0.759680032730103 0.692520022392273 0.691223323345184 0.642440021038055 0.68720668554306 0.677026689052582 0.643006682395935 -3.4e+38 -3.4e+38 -3.4e+38 -3.4e+38 -3.4e+38 -3.4e+38 -3.4e+38 -3.4e+38 -3.4e+38 -3.4e+38 -3.4e+38 -3.4e+38 -3.4e+38 -3.4e+38 -3.4e+38 -3.4e+38
0.683166682720184 0.588813304901123 0.659183323383331 0.675493359565735 0.718333303928375 0.663433313369751 0.667453348636627 0.732453346252441 0.687560021877289 0.611123323440552 0.693666696548462 0.737293362617493 0.802030026912689 0.710613310337067 0.796533346176147 0.802169978618622 0.563369989395142 0.570630013942719 0.554936647415161 0.556940019130707 0.531403303146362 0.632910013198853 0.526013314723969 0.515666663646698 0.672813355922699 0.737823307514191 0.738063335418701 0.645923316478729 0.68777334690094 0.684156656265259 0.714436650276184 -3.4e+38 -3.4e+38 -3.4e+38 -3.4e+38 -3.4e+38 -3.4e+38 -3.4e+38 -3.4e+38 -3.4e+38 -3.4e+38 -3.4e+38 -3.4e+38 -3.4e+38 -3.4e+38 -3.4e+38 -3.4e+38 -3.4e+38 -3.4e+38 -3.4e+38
0.634003341197968 0.622186660766602 0.695543348789215 0.584966659545898 0.58504331111908 0.687640011310577 0.681176662445068 0.652166664600372 0.68028998374939 0.584070026874542 0.623656690120697 0.759803354740143 0.744463324546814 0.740549981594086 0.703369975090027 0.558213353157043 0.564033329486847 0.69556999206543 0.552450001239777 0.591063320636749 0.516083359718323 0.646553337574005 0.569216668605804 0.542526662349701 0.722933351993561 0.784403324127197 0.750113308429718 0.746810019016266 0.79190331697464 0.72791999578476 0.748013317584991 -3.4e+38 -3.4e+38 -3.4e+38 -3.4e+38 -3.4e+38 -3.4e+38 -3.4e+38 -3.4e+38 -3.4e+38 -3.4e+38 -3.4e+38 -3.4e+38 -3.4e+38 -3.4e+38 -3.4e+38 -3.4e+38 -3.4e+38 -3.4e+38 -3.4e+38
