pkg/usdm/inst/external/NDVI_season2.asc
NCOLS 279 
NROWS 320 
XLLCORNER 523900.453205175 
YLLCORNER 5622610.68929959 
CELLSIZE 1000 
NODATA_value -3.4e+38 
[rows 154 to 175 of 320, columns 50 to 99 of 279]
-3.4e+38 -3.4e+38 -3.4e+38 -3.4e+38 -3.4e+38 -3.4e+38 -3.4e+38 -3.4e+38 -3.4e+38 -3.4e+38 -3.4e+38 -3.4e+38 -3.4e+38 -3.4e+38 -3.4e+38 -3.4e+38 -3.4e+38 -3.4e+38 -3.4e+38 -3.4e+38 -3.4e+38 -3.4e+38 -3.4e+38 -3.4e+38 0.442139983177185 0.51612001657486 0.596953332424164 0.733076691627502 0.661953330039978 0.506296694278717 0.50203001499176 0.770836651325226 0.772136688232422 0.630280017852783 0.623199999332428 0.630506694316864 0.602816641330719 0.564000010490417 0.600400030612946 0.642283320426941 0.604223310947418 0.656719982624054 0.764239966869354 0.664473354816437 0.66294002532959 0.499449998140335 0.55757999420166 0.638400018215179 0.790846645832062 0.785866677761078
-3.4e+38 -3.4e+38 -3.4e+38 -3.4e+38 -3.4e+38 -3.4e+38 -3.4e+38 -3.4e+38 -3.4e+38 -3.4e+38 -3.4e+38 -3.4e+38 -3.4e+38 -3.4e+38 -3.4e+38 -3.4e+38 -3.4e+38 -3.4e+38 -3.4e+38 -3.4e+38 -3.4e+38 -3.4e+38 -3.4e+38 0.30225333571434 0.44024333357811 0.669766664505005 0.638596653938293 0.635403335094452 0.581220030784607 0.588930010795593 0.545163333415985 0.738669991493225 0.532660007476807 0.669923365116119 0.675593316555023 0.580596685409546 0.593586683273315 0.547469973564148 0.628600001335144 0.774966657161713 0.663963317871094 0.730446636676788 0.745863318443298 0.703570008277893 0.627346634864807 0.687153339385986 0.723986685276031 0.725920021533966 0.777353346347809 0.833436667919159
-3.4e+38 -3.4e+38 -3.4e+38 -3.4e+38 -3.4e+38 -3.4e+38 -3.4e+38 -3.4e+38 -3.4e+38 -3.4e+38 -3.4e+38 -3.4e+38 -3.4e+38 -3.4e+38 -3.4e+38 -3.4e+38 -3.4e+38 -3.4e+38 -3.4e+38 -3.4e+38 -3.4e+38 -3.4e+38 0.455206662416458 0.559173345565796 0.631076633930206 0.50559663772583 0.681706666946411 0.728246688842773 0.600766658782959 0.528276681900024 0.75041663646698 0.724286675453186 0.788656651973724 0.80510002374649 0.822936654090881 0.76078999042511 0.568646669387817 0.432073324918747 0.549149990081787 0.786210000514984 0.721419990062714 0.695070028305054 0.81848669052124 0.710826635360718 0.729629993438721 0.653673350811005 0.724776685237885 0.672843337059021 0.777216672897339 0.809033334255219
-3.4e+38 -3.4e+38 -3.4e+38 -3.4e+38 -3.4e+38 -3.4e+38 -3.4e+38 -3.4e+38 -3.4e+38 -3.4e+38 -3.4e+38 -3.4e+38 -3.4e+38 -3.4e+38 -3.4e+38 -3.4e+38 -3.4e+38 -3.4e+38 -3.4e+38 -3.4e+38 -3.4e+38 -3.4e+38 0.39276334643364 0.482210010290146 0.423093318939209 0.47325998544693 0.76065331697464 0.713133335113525 0.622426688671112 0.691733360290527 0.801590025424957 0.6760533452034 0.790950000286102 0.816590011119843 0.801403343677521 0.819036662578583 0.558130025863647 0.453610002994537 0.513173341751099 0.64735335111618 0.753790020942688 0.758629977703094 0.740069985389709 0.649296641349792 0.70253998041153 0.612196683883667 0.730099976062775 0.655099987983704 0.757393360137939 0.80880331993103
-3.4e+38 -3.4e+38 -3.4e+38 -3.4e+38 -3.4e+38 -3.4e+38 -3.4e+38 -3.4e+38 -3.4e+38 -3.4e+38 -3.4e+38 -3.4e+38 -3.4e+38 -3.4e+38 -3.4e+38 -3.4e+38 -3.4e+38 -3.4e+38 -3.4e+38 -3.4e+38 -3.4e+38 0.15692999958992 0.487190008163452 0.490559995174408 0.436459988355637 0.471633315086365 0.692569971084595 0.573913335800171 0.60423332452774 0.646253347396851 0.791819989681244 0.814066648483276 0.80374002456665 0.765986680984497 0.773320019245148 0.797309994697571 0.489820003509521 0.436883330345154 0.521369993686676 0.542580008506775 0.740409970283508 0.76636666059494 0.761803328990936 0.531376659870148 0.694909989833832 0.638459980487823 0.67686665058136 0.600600004196167 0.718866646289825 0.81279331445694
-3.4e+38 -3.4e+38 -3.4e+38 -3.4e+38 -3.4e+38 -3.4e+38 -3.4e+38 -3.4e+38 -3.4e+38 -3.4e+38 -3.4e+38 -3.4e+38 -3.4e+38 -3.4e+38 -3.4e+38 -3.4e+38 -3.4e+38 -3.4e+38 -3.4e+38 -3.4e+38 -3.4e+38 0.583013355731964 0.60262668132782 0.480416655540466 0.409806668758392 0.298720002174377 0.513710021972656 0.598160028457642 0.671630024909973 0.672426640987396 0.82984334230423 0.80460000038147 0.811046659946442 0.808013319969177 0.784690022468567 0.752406656742096 0.540196657180786 0.502353310585022 0.75832998752594 0.708236694335938 0.758073329925537 0.575893342494965 0.717379987239838 0.473823338747025 0.674820005893707 0.612026691436768 0.62978333234787 0.640716671943665 0.693583309650421 0.79433000087738
-3.4e+38 -3.4e+38 -3.4e+38 -3.4e+38 -3.4e+38 -3.4e+38 -3.4e+38 -3.4e+38 -3.4e+38 -3.4e+38 -3.4e+38 -3.4e+38 -3.4e+38 -3.4e+38 -3.4e+38 -3.4e+38 -3.4e+38 -3.4e+38 -3.4e+38 -3.4e+38 0.492113351821899 0.650099992752075 0.632613360881805 0.70184999704361 0.522759974002838 0.467696666717529 0.620926678180695 0.65814334154129 0.557940006256104 0.735189974308014 0.829846680164337 0.822846651077271 0.825553357601166 0.805649995803833 0.759350001811981 0.816016674041748 0.808043360710144 0.793356657028198 0.753896653652191 0.618229985237122 0.653219997882843 0.561969995498657 0.610953330993652 0.522256672382355 0.751993358135223 0.606090009212494 0.580560028553009 0.624140024185181 0.760446667671204 0.796949982643127
-3.4e+38 -3.4e+38 -3.4e+38 -3.4e+38 -3.4e+38 -3.4e+38 -3.4e+38 -3.4e+38 -3.4e+38 -3.4e+38 -3.4e+38 -3.4e+38 -3.4e+38 -3.4e+38 -3.4e+38 -3.4e+38 -3.4e+38 -3.4e+38 -3.4e+38 -3.4e+38 0.552553355693817 0.630463361740112 0.69527667760849 0.709413349628448 0.542476654052734 0.626980006694794 0.644670009613037 0.563413321971893 0.470376670360565 0.592626690864563 0.578976690769196 0.768953323364258 0.80047333240509 0.758819997310638 0.753496646881104 0.806176662445068 0.796169996261597 0.601806640625 0.644026637077332 0.667113304138184 0.61927330493927 0.663139998912811 0.63823664188385 0.757086634635925 0.749303340911865 0.662976682186127 0.736699998378754 0.712599992752075 0.800636649131775 0.831083357334137
-3.4e+38 -3.4e+38 -3.4e+38 -3.4e+38 -3.4e+38 -3.4e+38 -3.4e+38 -3.4e+38 -3.4e+38 -3.4e+38 -3.4e+38 -3.4e+38 -3.4e+38 -3.4e+38 -3.4e+38 -3.4e+38 -3.4e+38 -3.4e+38 -3.4e+38 0.553253352642059 0.640110015869141 0.681886672973633 0.735656678676605 0.782310009002686 0.545076668262482 0.573193311691284 0.563283324241638 0.42469334602356 0.400993347167969 0.399729996919632 0.53956001996994 0.621246635913849 0.625666677951813 0.79532665014267 0.820919990539551 0.831183314323425 0.799866676330566 0.675209999084473 0.673946678638458 0.729359984397888 0.747223317623138 0.780730009078979 0.640523314476013 0.717103362083435 0.72611665725708 0.68898332118988 0.776989996433258 0.668990015983582 0.623539984226227 0.593070030212402
-3.4e+38 -3.4e+38 -3.4e+38 -3.4e+38 -3.4e+38 -3.4e+38 -3.4e+38 -3.4e+38 -3.4e+38 -3.4e+38 -3.4e+38 -3.4e+38 -3.4e+38 -3.4e+38 -3.4e+38 -3.4e+38 -3.4e+38 -3.4e+38 0.489449977874756 0.594423353672028 0.674960017204285 0.642426669597626 0.651233315467834 0.795103311538696 0.754350006580353 0.531233310699463 0.490103334188461 0.437909990549088 0.485780000686646 0.490203350782394 0.570370018482208 0.609546661376953 0.791533350944519 0.837046682834625 0.833316683769226 0.82820999622345 0.836303353309631 0.827409982681274 0.798643350601196 0.578366637229919 0.727389991283417 0.804783344268799 0.789773344993591 0.789096653461456 0.806983351707458 0.812439978122711 0.772279977798462 0.583589971065521 0.688069999217987 0.70495331287384
-3.4e+38 -3.4e+38 -3.4e+38 -3.4e+38 -3.4e+38 -3.4e+38 -3.4e+38 -3.4e+38 -3.4e+38 -3.4e+38 -3.4e+38 -3.4e+38 -3.4e+38 -3.4e+38 -3.4e+38 -3.4e+38 -3.4e+38 -3.4e+38 0.632206678390503 0.610329985618591 0.685010015964508 0.519330024719238 0.549780011177063 0.679493308067322 0.796533346176147 0.677616655826569 0.568019986152649 0.438690006732941 0.585093319416046 0.56182998418808 0.552903354167938 0.771926641464233 0.823009967803955 0.837876677513123 0.809319972991943 0.835423350334167 0.82082998752594 0.824159979820251 0.774013340473175 0.528536677360535 0.59579998254776 0.72953999042511 0.733103334903717 0.808823347091675 0.779540002346039 0.810793340206146 0.812236666679382 0.671673357486725 0.747900009155273 0.806659996509552
-3.4e+38 -3.4e+38 -3.4e+38 -3.4e+38 -3.4e+38 -3.4e+38 -3.4e+38 -3.4e+38 -3.4e+38 -3.4e+38 -3.4e+38 -3.4e+38 -3.4e+38 -3.4e+38 -3.4e+38 -3.4e+38 0.437913328409195 0.647316694259644 0.641350030899048 0.652003347873688 0.711853325366974 0.67729663848877 0.683256685733795 0.783100008964539 0.827083349227905 0.760703325271606 0.669076681137085 0.76434999704361 0.77918666601181 0.734679996967316 0.56224000453949 0.556763350963593 0.755446672439575 0.821976661682129 0.779593348503113 0.776986658573151 0.724063336849213 0.638806641101837 0.40680667757988 0.463519990444183 0.693989992141724 0.823870003223419 0.828133344650269 0.825323343276978 0.834953308105469 0.81743997335434 0.769980013370514 0.55391001701355 0.753426671028137 0.81442666053772
-3.4e+38 -3.4e+38 -3.4e+38 -3.4e+38 -3.4e+38 -3.4e+38 -3.4e+38 -3.4e+38 -3.4e+38 -3.4e+38 -3.4e+38 -3.4e+38 -3.4e+38 -3.4e+38 -3.4e+38 -3.4e+38 0.643060028553009 0.732450008392334 0.698323309421539 0.749553322792053 0.767736673355103 0.782913327217102 0.810556650161743 0.807123363018036 0.711263358592987 0.619043350219727 0.792439997196198 0.764833331108093 0.749506652355194 0.829936683177948 0.813673317432404 0.773060023784637 0.753723323345184 0.754883348941803 0.782553315162659 0.786166667938232 0.799860000610352 0.777016639709473 0.570076644420624 0.489553332328796 0.64818000793457 0.808433353900909 0.827303349971771 0.835976660251617 0.844073355197906 0.83297336101532 0.770799994468689 0.731266677379608 0.787766695022583 0.809163331985474
-3.4e+38 -3.4e+38 -3.4e+38 -3.4e+38 -3.4e+38 -3.4e+38 -3.4e+38 -3.4e+38 -3.4e+38 -3.4e+38 -3.4e+38 -3.4e+38 -3.4e+38 -3.4e+38 -3.4e+38 0.607073307037354 0.633023321628571 0.645669996738434 0.742500007152557 0.748046636581421 0.778400003910065 0.771923303604126 0.83461332321167 0.828119993209839 0.708913326263428 0.619690001010895 0.788860023021698 0.794436693191528 0.707496643066406 0.84237664937973 0.820736646652222 0.797773361206055 0.835396647453308 0.816583335399628 0.780200004577637 0.787663340568542 0.810930013656616 0.814993321895599 0.626713335514069 0.602313339710236 0.631406664848328 0.688579976558685 0.652163326740265 0.783626675605774 0.827276647090912 0.816173315048218 0.818480014801025 0.813696682453156 0.816753327846527 0.828706681728363
-3.4e+38 -3.4e+38 -3.4e+38 -3.4e+38 -3.4e+38 -3.4e+38 -3.4e+38 -3.4e+38 -3.4e+38 -3.4e+38 -3.4e+38 -3.4e+38 -3.4e+38 -3.4e+38 0.349260002374649 0.622976660728455 0.596949994564056 0.625086665153503 0.696460008621216 0.740573346614838 0.747623324394226 0.811916649341583 0.830269992351532 0.806626677513123 0.700573325157166 0.728290021419525 0.813086688518524 0.821630001068115 0.805830001831055 0.812663316726685 0.83404666185379 0.743033349514008 0.698140025138855 0.720459997653961 0.793906688690186 0.819583356380463 0.745196640491486 0.66728001832962 0.803153336048126 0.785456657409668 0.803020000457764 0.808393359184265 0.779256641864777 0.744103312492371 0.713733315467834 0.82166999578476 0.812039971351624 0.82903665304184 0.81534332036972 0.826143324375153
-3.4e+38 -3.4e+38 -3.4e+38 -3.4e+38 -3.4e+38 -3.4e+38 -3.4e+38 -3.4e+38 -3.4e+38 -3.4e+38 -3.4e+38 -3.4e+38 -3.4e+38 0.298313319683075 0.70389997959137 0.594380021095276 0.563766658306122 0.747590005397797 0.734106659889221 0.692393362522125 0.818066656589508 0.811586678028107 0.714786648750305 0.724709987640381 0.730476677417755 0.696796655654907 0.742436647415161 0.804976642131805 0.817383348941803 0.816726684570312 0.805663347244263 0.671476662158966 0.591019988059998 0.659563302993774 0.659153342247009 0.654326677322388 0.773363351821899 0.627903342247009 0.638989984989166 0.609896659851074 0.624360024929047 0.680063366889954 0.746396660804749 0.804130017757416 0.789070010185242 0.767229974269867 0.827013313770294 0.828076660633087 0.825396656990051 0.82082998752594
-3.4e+38 -3.4e+38 -3.4e+38 -3.4e+38 -3.4e+38 -3.4e+38 -3.4e+38 -3.4e+38 -3.4e+38 -3.4e+38 -3.4e+38 -3.4e+38 -0.10393001139164 0.440713346004486 0.735036671161652 0.539836645126343 0.603386640548706 0.678139984607697 0.763156652450562 0.614153325557709 0.530723333358765 0.503549993038177 0.542890012264252 0.816030025482178 0.814643323421478 0.820586681365967 0.806696653366089 0.82301664352417 0.796883344650269 0.738960027694702 0.766423344612122 0.653289973735809 0.571936666965485 0.552280008792877 0.650686681270599 0.650449991226196 0.643159985542297 0.592760026454926 0.573956668376923 0.583326697349548 0.541353344917297 0.572570025920868 0.668996691703796 0.83734667301178 0.818983316421509 0.62155669927597 0.642650008201599 0.823063313961029 0.804889976978302 0.829320013523102
-3.4e+38 -3.4e+38 -3.4e+38 -3.4e+38 -3.4e+38 -3.4e+38 -3.4e+38 -3.4e+38 -3.4e+38 -3.4e+38 -3.4e+38 -3.4e+38 0.568426668643951 0.471610009670258 0.623506665229797 0.421483337879181 0.297710001468658 0.355093330144882 0.443540006875992 0.522930026054382 0.582736670970917 0.498750001192093 0.556150019168854 0.801046669483185 0.829056680202484 0.818063318729401 0.822660028934479 0.792630016803741 0.740493357181549 0.589096665382385 0.503223359584808 0.602810025215149 0.575906693935394 0.522546648979187 0.580783307552338 0.570936679840088 0.485453337430954 0.46997332572937 0.527856647968292 0.531883358955383 0.546050012111664 0.651369988918304 0.794253349304199 0.807936668395996 0.829653322696686 0.658536672592163 0.522419989109039 0.716480016708374 0.771483302116394 0.748816668987274
-3.4e+38 -3.4e+38 -3.4e+38 -3.4e+38 -3.4e+38 -3.4e+38 -3.4e+38 -3.4e+38 -3.4e+38 -3.4e+38 -3.4e+38 0.5382000207901 0.443146675825119 0.300083339214325 0.286346673965454 0.291850000619888 0.30431666970253 0.290363341569901 0.366910010576248 0.484593331813812 0.615800023078918 0.533066689968109 0.685010015964508 0.820703327655792 0.804013311862946 0.721589982509613 0.756049990653992 0.675490021705627 0.554963350296021 0.551753342151642 0.499426662921906 0.468160003423691 0.542116641998291 0.564443349838257 0.514543354511261 0.59564334154129 0.595513343811035 0.60819000005722 0.593240022659302 0.499513328075409 0.542733311653137 0.648723304271698 0.796899974346161 0.759369969367981 0.823793351650238 0.70649665594101 0.53247332572937 0.699949979782104 0.800166666507721 0.810443341732025
-3.4e+38 -3.4e+38 -3.4e+38 -3.4e+38 -3.4e+38 -3.4e+38 -3.4e+38 -3.4e+38 -3.4e+38 -3.4e+38 0.546570003032684 0.518249988555908 0.48363333940506 0.394856661558151 0.414056658744812 0.289946675300598 0.312806665897369 0.365633338689804 0.419776678085327 0.538999974727631 0.612173318862915 0.482526659965515 0.481476664543152 0.720089972019196 0.703283309936523 0.68147999048233 0.617320001125336 0.563446640968323 0.464886665344238 0.563813328742981 0.513116657733917 0.35901665687561 0.419303327798843 0.593776643276215 0.581186652183533 0.618330001831055 0.570346653461456 0.61312335729599 0.707050025463104 0.727569997310638 0.683216691017151 0.755106687545776 0.811576664447784 0.765519976615906 0.816063344478607 0.772566676139832 0.801446676254272 0.801999986171722 0.806913316249847 0.817663311958313
-3.4e+38 -3.4e+38 -3.4e+38 -3.4e+38 -3.4e+38 -3.4e+38 -3.4e+38 -3.4e+38 -3.4e+38 -3.4e+38 0.494809985160828 0.491750001907349 0.537973344326019 0.564656674861908 0.630913317203522 0.471696674823761 0.455243349075317 0.560840010643005 0.524649977684021 0.710246682167053 0.680936694145203 0.493503332138062 0.638293325901031 0.718486666679382 0.758270025253296 0.766070008277893 0.592679977416992 0.589339971542358 0.555329978466034 0.532166659832001 0.51118665933609 0.445166677236557 0.481873333454132 0.604886651039124 0.602236688137054 0.588816702365875 0.590439975261688 0.589913308620453 0.589183330535889 0.557636678218842 0.669510006904602 0.727400004863739 0.763176679611206 0.816770017147064 0.710586667060852 0.659233331680298 0.664240002632141 0.833540022373199 0.818679988384247 0.737976670265198
-3.4e+38 -3.4e+38 -3.4e+38 -3.4e+38 -3.4e+38 -3.4e+38 -3.4e+38 -3.4e+38 -3.4e+38 0.653190016746521 0.642989993095398 0.426730006933212 0.538110017776489 0.549520015716553 0.55539333820343 0.682179987430573 0.665933310985565 0.598783314228058 0.481476664543152 0.481933325529099 0.420796662569046 0.47718334197998 0.537316679954529 0.566936671733856 0.734516680240631 0.772239983081818 0.547516644001007 0.501636683940887 0.516636669635773 0.535696685314178 0.570653319358826 0.562016665935516 0.571876645088196 0.525193333625793 0.482100009918213 0.456710010766983 0.606769979000092 0.669303357601166 0.595040023326874 0.538779973983765 0.724083364009857 0.770433306694031 0.821393311023712 0.783303320407867 0.552869975566864 0.620363354682922 0.529443323612213 0.805166661739349 0.831323325634003 0.808136641979218
